Batch, S_batch, TimeL, L, T1, E1, T2, E2, T3, E3, T4, E4,
1, 1, 3.300000, 1000.000000, 1.810000, 0.440000, 2.120000, 0.440000, 2.430000, 0.560000, 2.720000, 0.440000, 
1, 10, 3.430000, 0.001000, 2.120000, 0.440000, 2.430000, 0.560000, 2.720000, 0.440000, 3.020000, 0.440000, 
1, 20, 4.040000, 0.001000, 2.430000, 0.560000, 2.720000, 0.440000, 3.020000, 0.440000, 3.330000, 0.440000, 
1, 30, 4.670000, 10.000000, 2.720000, 0.440000, 3.020000, 0.440000, 3.330000, 0.440000, 3.650000, 0.440000, 
1, 40, 5.300000, 1.000000, 3.020000, 0.440000, 3.330000, 0.440000, 3.650000, 0.440000, 3.930000, 0.440000, 
1, 50, 5.950000, 0.000000, 3.330000, 0.440000, 3.650000, 0.440000, 3.930000, 0.440000, 4.250000, 0.440000, 
1, 60, 6.570000, 0.010000, 3.650000, 0.440000, 3.930000, 0.440000, 4.250000, 0.440000, 4.560000, 0.440000, 
1, 70, 7.200000, 0.000000, 3.930000, 0.440000, 4.250000, 0.440000, 4.560000, 0.440000, 4.850000, 0.440000, 
1, 80, 7.850000, 10.000000, 4.250000, 0.440000, 4.560000, 0.440000, 4.850000, 0.440000, 4.850000, 0.440000, 
1, 90, 8.470000, 0.100000, 4.560000, 0.440000, 4.850000, 0.440000, 4.850000, 0.440000, 4.850000, 0.440000, 
1, 100, 9.130000, 1.000000, 4.850000, 0.440000, 4.850000, 0.440000, 4.850000, 0.440000, 4.840000, 0.440000, 
1000, 1, 3.430000, 0.001000, 2.120000, 0.440000, 2.430000, 0.560000, 2.720000, 0.440000, 3.020000, 0.440000, 
1000, 10, 4.040000, 0.001000, 2.430000, 0.560000, 2.720000, 0.440000, 3.020000, 0.440000, 3.330000, 0.440000, 
1000, 20, 4.670000, 10.000000, 2.720000, 0.440000, 3.020000, 0.440000, 3.330000, 0.440000, 3.650000, 0.440000, 
1000, 30, 5.300000, 1.000000, 3.020000, 0.440000, 3.330000, 0.440000, 3.650000, 0.440000, 3.930000, 0.440000, 
1000, 40, 5.950000, 0.000000, 3.330000, 0.440000, 3.650000, 0.440000, 3.930000, 0.440000, 4.250000, 0.440000, 
1000, 50, 6.570000, 0.010000, 3.650000, 0.440000, 3.930000, 0.440000, 4.250000, 0.440000, 4.560000, 0.440000, 
1000, 60, 7.200000, 0.000000, 3.930000, 0.440000, 4.250000, 0.440000, 4.560000, 0.440000, 4.850000, 0.440000, 
1000, 70, 7.850000, 10.000000, 4.250000, 0.440000, 4.560000, 0.440000, 4.850000, 0.440000, 4.850000, 0.440000, 
1000, 80, 8.470000, 0.100000, 4.560000, 0.440000, 4.850000, 0.440000, 4.850000, 0.440000, 4.850000, 0.440000, 
1000, 90, 9.130000, 1.000000, 4.850000, 0.440000, 4.850000, 0.440000, 4.850000, 0.440000, 4.840000, 0.440000, 
1000, 100, 55.310000, 0.001000, 4.850000, 0.440000, 4.850000, 0.440000, 4.840000, 0.440000, 0.000000, 0.000000, 
2000, 1, 4.040000, 0.001000, 2.430000, 0.560000, 2.720000, 0.440000, 3.020000, 0.440000, 3.330000, 0.440000, 
2000, 10, 4.670000, 10.000000, 2.720000, 0.440000, 3.020000, 0.440000, 3.330000, 0.440000, 3.650000, 0.440000, 
2000, 20, 5.300000, 1.000000, 3.020000, 0.440000, 3.330000, 0.440000, 3.650000, 0.440000, 3.930000, 0.440000, 
2000, 30, 5.950000, 0.000000, 3.330000, 0.440000, 3.650000, 0.440000, 3.930000, 0.440000, 4.250000, 0.440000, 
2000, 40, 6.570000, 0.010000, 3.650000, 0.440000, 3.930000, 0.440000, 4.250000, 0.440000, 4.560000, 0.440000, 
2000, 50, 7.200000, 0.000000, 3.930000, 0.440000, 4.250000, 0.440000, 4.560000, 0.440000, 4.850000, 0.440000, 
2000, 60, 7.850000, 10.000000, 4.250000, 0.440000, 4.560000, 0.440000, 4.850000, 0.440000, 4.850000, 0.440000, 
2000, 70, 8.470000, 0.100000, 4.560000, 0.440000, 4.850000, 0.440000, 4.850000, 0.440000, 4.850000, 0.440000, 
2000, 80, 9.130000, 1.000000, 4.850000, 0.440000, 4.850000, 0.440000, 4.850000, 0.440000, 4.840000, 0.440000, 
2000, 90, 55.310000, 0.001000, 4.850000, 0.440000, 4.850000, 0.440000, 4.840000, 0.440000, 0.000000, 0.000000, 
2000, 100, 108.070000, 0.010000, 4.850000, 0.440000, 4.840000, 0.440000, 0.000000, 0.000000, 0.000000, 0.000000, 
3000, 1, 4.670000, 10.000000, 2.720000, 0.440000, 3.020000, 0.440000, 3.330000, 0.440000, 3.650000, 0.440000, 
3000, 10, 5.300000, 1.000000, 3.020000, 0.440000, 3.330000, 0.440000, 3.650000, 0.440000, 3.930000, 0.440000, 
3000, 20, 5.950000, 0.000000, 3.330000, 0.440000, 3.650000, 0.440000, 3.930000, 0.440000, 4.250000, 0.440000, 
3000, 30, 6.570000, 0.010000, 3.650000, 0.440000, 3.930000, 0.440000, 4.250000, 0.440000, 4.560000, 0.440000, 
3000, 40, 7.200000, 0.000000, 3.930000, 0.440000, 4.250000, 0.440000, 4.560000, 0.440000, 4.850000, 0.440000, 
3000, 50, 7.850000, 10.000000, 4.250000, 0.440000, 4.560000, 0.440000, 4.850000, 0.440000, 4.850000, 0.440000, 
3000, 60, 8.470000, 0.100000, 4.560000, 0.440000, 4.850000, 0.440000, 4.850000, 0.440000, 4.850000, 0.440000, 
3000, 70, 9.130000, 1.000000, 4.850000, 0.440000, 4.850000, 0.440000, 4.850000, 0.440000, 4.840000, 0.440000, 
3000, 80, 55.310000, 0.001000, 4.850000, 0.440000, 4.850000, 0.440000, 4.840000, 0.440000, 0.000000, 0.000000, 
3000, 90, 108.070000, 0.010000, 4.850000, 0.440000, 4.840000, 0.440000, 0.000000, 0.000000, 0.000000, 0.000000, 
3000, 100, 157.870000, 1.000000, 4.840000, 0.440000, 0.000000, 0.000000, 0.000000, 0.000000, 0.000000, 0.000000, 
4000, 1, 5.300000, 1.000000, 3.020000, 0.440000, 3.330000, 0.440000, 3.650000, 0.440000, 3.930000, 0.440000, 
4000, 10, 5.950000, 0.000000, 3.330000, 0.440000, 3.650000, 0.440000, 3.930000, 0.440000, 4.250000, 0.440000, 
4000, 20, 6.570000, 0.010000, 3.650000, 0.440000, 3.930000, 0.440000, 4.250000, 0.440000, 4.560000, 0.440000, 
4000, 30, 7.200000, 0.000000, 3.930000, 0.440000, 4.250000, 0.440000, 4.560000, 0.440000, 4.850000, 0.440000, 
4000, 40, 7.850000, 10.000000, 4.250000, 0.440000, 4.560000, 0.440000, 4.850000, 0.440000, 4.850000, 0.440000, 
4000, 50, 8.470000, 0.100000, 4.560000, 0.440000, 4.850000, 0.440000, 4.850000, 0.440000, 4.850000, 0.440000, 
4000, 60, 9.130000, 1.000000, 4.850000, 0.440000, 4.850000, 0.440000, 4.850000, 0.440000, 4.840000, 0.440000, 
4000, 70, 55.310000, 0.001000, 4.850000, 0.440000, 4.850000, 0.440000, 4.840000, 0.440000, 0.000000, 0.000000, 
4000, 80, 108.070000, 0.010000, 4.850000, 0.440000, 4.840000, 0.440000, 0.000000, 0.000000, 0.000000, 0.000000, 
4000, 90, 157.870000, 1.000000, 4.840000, 0.440000, 0.000000, 0.000000, 0.000000, 0.000000, 0.000000, 0.000000, 
4000, 100, 210.010000, 1.000000, 0.000000, 0.000000, 0.000000, 0.000000, 0.000000, 0.000000, 0.000000, 0.000000, 
5000, 1, 5.950000, 0.000000, 3.330000, 0.440000, 3.650000, 0.440000, 3.930000, 0.440000, 4.250000, 0.440000, 
5000, 10, 6.570000, 0.010000, 3.650000, 0.440000, 3.930000, 0.440000, 4.250000, 0.440000, 4.560000, 0.440000, 
5000, 20, 7.200000, 0.000000, 3.930000, 0.440000, 4.250000, 0.440000, 4.560000, 0.440000, 4.850000, 0.440000, 
5000, 30, 7.850000, 10.000000, 4.250000, 0.440000, 4.560000, 0.440000, 4.850000, 0.440000, 4.850000, 0.440000, 
5000, 40, 8.470000, 0.100000, 4.560000, 0.440000, 4.850000, 0.440000, 4.850000, 0.440000, 4.850000, 0.440000, 
5000, 50, 9.130000, 1.000000, 4.850000, 0.440000, 4.850000, 0.440000, 4.850000, 0.440000, 4.840000, 0.440000, 
5000, 60, 55.310000, 0.001000, 4.850000, 0.440000, 4.850000, 0.440000, 4.840000, 0.440000, 0.000000, 0.000000, 
5000, 70, 108.070000, 0.010000, 4.850000, 0.440000, 4.840000, 0.440000, 0.000000, 0.000000, 0.000000, 0.000000, 
5000, 80, 157.870000, 1.000000, 4.840000, 0.440000, 0.000000, 0.000000, 0.000000, 0.000000, 0.000000, 0.000000, 
5000, 90, 210.010000, 1.000000, 0.000000, 0.000000, 0.000000, 0.000000, 0.000000, 0.000000, 0.000000, 0.000000, 
5000, 100, 262.130000, 0.100000, 0.000000, 0.000000, 0.000000, 0.000000, 0.000000, 0.000000, 0.000000, 0.000000, 
6000, 1, 6.570000, 0.010000, 3.650000, 0.440000, 3.930000, 0.440000, 4.250000, 0.440000, 4.560000, 0.440000, 
6000, 10, 7.200000, 0.000000, 3.930000, 0.440000, 4.250000, 0.440000, 4.560000, 0.440000, 4.850000, 0.440000, 
6000, 20, 7.850000, 10.000000, 4.250000, 0.440000, 4.560000, 0.440000, 4.850000, 0.440000, 4.850000, 0.440000, 
6000, 30, 8.470000, 0.100000, 4.560000, 0.440000, 4.850000, 0.440000, 4.850000, 0.440000, 4.850000, 0.440000, 
6000, 40, 9.130000, 1.000000, 4.850000, 0.440000, 4.850000, 0.440000, 4.850000, 0.440000, 4.840000, 0.440000, 
6000, 50, 55.310000, 0.001000, 4.850000, 0.440000, 4.850000, 0.440000, 4.840000, 0.440000, 0.000000, 0.000000, 
6000, 60, 108.070000, 0.010000, 4.850000, 0.440000, 4.840000, 0.440000, 0.000000, 0.000000, 0.000000, 0.000000, 
6000, 70, 157.870000, 1.000000, 4.840000, 0.440000, 0.000000, 0.000000, 0.000000, 0.000000, 0.000000, 0.000000, 
6000, 80, 210.010000, 1.000000, 0.000000, 0.000000, 0.000000, 0.000000, 0.000000, 0.000000, 0.000000, 0.000000, 
6000, 90, 262.130000, 0.100000, 0.000000, 0.000000, 0.000000, 0.000000, 0.000000, 0.000000, 0.000000, 0.000000, 
6000, 100, 318.610000, 0.100000, 0.000000, 0.000000, 0.000000, 0.000000, 0.000000, 0.000000, 0.000000, 0.000000, 
7000, 1, 7.200000, 0.000000, 3.930000, 0.440000, 4.250000, 0.440000, 4.560000, 0.440000, 4.850000, 0.440000, 
7000, 10, 7.850000, 10.000000, 4.250000, 0.440000, 4.560000, 0.440000, 4.850000, 0.440000, 4.850000, 0.440000, 
7000, 20, 8.470000, 0.100000, 4.560000, 0.440000, 4.850000, 0.440000, 4.850000, 0.440000, 4.850000, 0.440000, 
7000, 30, 9.130000, 1.000000, 4.850000, 0.440000, 4.850000, 0.440000, 4.850000, 0.440000, 4.840000, 0.440000, 
7000, 40, 55.310000, 0.001000, 4.850000, 0.440000, 4.850000, 0.440000, 4.840000, 0.440000, 0.000000, 0.000000, 
7000, 50, 108.070000, 0.010000, 4.850000, 0.440000, 4.840000, 0.440000, 0.000000, 0.000000, 0.000000, 0.000000, 
7000, 60, 157.870000, 1.000000, 4.840000, 0.440000, 0.000000, 0.000000, 0.000000, 0.000000, 0.000000, 0.000000, 
7000, 70, 210.010000, 1.000000, 0.000000, 0.000000, 0.000000, 0.000000, 0.000000, 0.000000, 0.000000, 0.000000, 
7000, 80, 262.130000, 0.100000, 0.000000, 0.000000, 0.000000, 0.000000, 0.000000, 0.000000, 0.000000, 0.000000, 
7000, 90, 318.610000, 0.100000, 0.000000, 0.000000, 0.000000, 0.000000, 0.000000, 0.000000, 0.000000, 0.000000, 
7000, 100, 366.560000, 10.000000, 0.000000, 0.000000, 0.000000, 0.000000, 0.000000, 0.000000, 0.000000, 0.000000, 
8000, 1, 7.850000, 10.000000, 4.250000, 0.440000, 4.560000, 0.440000, 4.850000, 0.440000, 4.850000, 0.440000, 
8000, 10, 8.470000, 0.100000, 4.560000, 0.440000, 4.850000, 0.440000, 4.850000, 0.440000, 4.850000, 0.440000, 
8000, 20, 9.130000, 1.000000, 4.850000, 0.440000, 4.850000, 0.440000, 4.850000, 0.440000, 4.840000, 0.440000, 
8000, 30, 55.310000, 0.001000, 4.850000, 0.440000, 4.850000, 0.440000, 4.840000, 0.440000, 0.000000, 0.000000, 
8000, 40, 108.070000, 0.010000, 4.850000, 0.440000, 4.840000, 0.440000, 0.000000, 0.000000, 0.000000, 0.000000, 
8000, 50, 157.870000, 1.000000, 4.840000, 0.440000, 0.000000, 0.000000, 0.000000, 0.000000, 0.000000, 0.000000, 
8000, 60, 210.010000, 1.000000, 0.000000, 0.000000, 0.000000, 0.000000, 0.000000, 0.000000, 0.000000, 0.000000, 
8000, 70, 262.130000, 0.100000, 0.000000, 0.000000, 0.000000, 0.000000, 0.000000, 0.000000, 0.000000, 0.000000, 
8000, 80, 318.610000, 0.100000, 0.000000, 0.000000, 0.000000, 0.000000, 0.000000, 0.000000, 0.000000, 0.000000, 
8000, 90, 366.560000, 10.000000, 0.000000, 0.000000, 0.000000, 0.000000, 0.000000, 0.000000, 0.000000, 0.000000, 
8000, 100, 418.900000, 0.000000, 0.000000, 0.000000, 0.000000, 0.000000, 0.000000, 0.000000, 0.000000, 0.000000, 
9000, 1, 8.470000, 0.100000, 4.560000, 0.440000, 4.850000, 0.440000, 4.850000, 0.440000, 4.850000, 0.440000, 
9000, 10, 9.130000, 1.000000, 4.850000, 0.440000, 4.850000, 0.440000, 4.850000, 0.440000, 4.840000, 0.440000, 
9000, 20, 55.310000, 0.001000, 4.850000, 0.440000, 4.850000, 0.440000, 4.840000, 0.440000, 0.000000, 0.000000, 
9000, 30, 108.070000, 0.010000, 4.850000, 0.440000, 4.840000, 0.440000, 0.000000, 0.000000, 0.000000, 0.000000, 
9000, 40, 157.870000, 1.000000, 4.840000, 0.440000, 0.000000, 0.000000, 0.000000, 0.000000, 0.000000, 0.000000, 
9000, 50, 210.010000, 1.000000, 0.000000, 0.000000, 0.000000, 0.000000, 0.000000, 0.000000, 0.000000, 0.000000, 
9000, 60, 262.130000, 0.100000, 0.000000, 0.000000, 0.000000, 0.000000, 0.000000, 0.000000, 0.000000, 0.000000, 
9000, 70, 318.610000, 0.100000, 0.000000, 0.000000, 0.000000, 0.000000, 0.000000, 0.000000, 0.000000, 0.000000, 
9000, 80, 366.560000, 10.000000, 0.000000, 0.000000, 0.000000, 0.000000, 0.000000, 0.000000, 0.000000, 0.000000, 
9000, 90, 418.900000, 0.000000, 0.000000, 0.000000, 0.000000, 0.000000, 0.000000, 0.000000, 0.000000, 0.000000, 
9000, 100, 470.330000, 1.000000, 0.000000, 0.000000, 0.000000, 0.000000, 0.000000, 0.000000, 0.000000, 0.000000, 
10000, 1, 9.130000, 1.000000, 4.850000, 0.440000, 4.850000, 0.440000, 4.850000, 0.440000, 4.840000, 0.440000, 
10000, 10, 55.310000, 0.001000, 4.850000, 0.440000, 4.850000, 0.440000, 4.840000, 0.440000, 0.000000, 0.000000, 
10000, 20, 108.070000, 0.010000, 4.850000, 0.440000, 4.840000, 0.440000, 0.000000, 0.000000, 0.000000, 0.000000, 
10000, 30, 157.870000, 1.000000, 4.840000, 0.440000, 0.000000, 0.000000, 0.000000, 0.000000, 0.000000, 0.000000, 
10000, 40, 210.010000, 1.000000, 0.000000, 0.000000, 0.000000, 0.000000, 0.000000, 0.000000, 0.000000, 0.000000, 
10000, 50, 262.130000, 0.100000, 0.000000, 0.000000, 0.000000, 0.000000, 0.000000, 0.000000, 0.000000, 0.000000, 
10000, 60, 318.610000, 0.100000, 0.000000, 0.000000, 0.000000, 0.000000, 0.000000, 0.000000, 0.000000, 0.000000, 
10000, 70, 366.560000, 10.000000, 0.000000, 0.000000, 0.000000, 0.000000, 0.000000, 0.000000, 0.000000, 0.000000, 
10000, 80, 418.900000, 0.000000, 0.000000, 0.000000, 0.000000, 0.000000, 0.000000, 0.000000, 0.000000, 0.000000, 
10000, 90, 470.330000, 1.000000, 0.000000, 0.000000, 0.000000, 0.000000, 0.000000, 0.000000, 0.000000, 0.000000, 
10000, 100, 532.320000, 10.000000, 0.000000, 0.000000, 0.000000, 0.000000, 0.000000, 0.000000, 0.000000, 0.000000, 
