Batch, S_batch, TimeL, L, T1, E1, T2, E2, T3, E3, T4, E4,
1, 1, 2.540000, 1000.000000, 1.820000, 0.440000, 2.350000, 0.440000, 2.820000, 0.560000, 2.830000, 0.440000, 
1, 10, 3.380000, 0.001000, 2.350000, 0.440000, 2.820000, 0.560000, 2.830000, 0.440000, 3.140000, 0.440000, 
1, 20, 4.200000, 0.001000, 2.820000, 0.560000, 2.830000, 0.440000, 3.140000, 0.440000, 3.440000, 0.440000, 
1, 30, 4.910000, 10.000000, 2.830000, 0.440000, 3.140000, 0.440000, 3.440000, 0.440000, 3.750000, 0.440000, 
1, 40, 5.080000, 1.000000, 3.140000, 0.440000, 3.440000, 0.440000, 3.750000, 0.440000, 4.060000, 0.440000, 
1, 50, 5.710000, 0.000000, 3.440000, 0.440000, 3.750000, 0.440000, 4.060000, 0.440000, 4.360000, 0.440000, 
1, 60, 6.360000, 0.010000, 3.750000, 0.440000, 4.060000, 0.440000, 4.360000, 0.440000, 4.660000, 0.440000, 
1, 70, 7.000000, 0.000000, 4.060000, 0.440000, 4.360000, 0.440000, 4.660000, 0.440000, 4.980000, 0.440000, 
1, 80, 7.650000, 10.000000, 4.360000, 0.440000, 4.660000, 0.440000, 4.980000, 0.440000, 4.980000, 0.440000, 
1, 90, 8.280000, 0.100000, 4.660000, 0.440000, 4.980000, 0.440000, 4.980000, 0.440000, 4.980000, 0.440000, 
1, 100, 8.910000, 1.000000, 4.980000, 0.440000, 4.980000, 0.440000, 4.980000, 0.440000, 4.990000, 0.440000, 
1000, 1, 3.380000, 0.001000, 2.350000, 0.440000, 2.820000, 0.560000, 2.830000, 0.440000, 3.140000, 0.440000, 
1000, 10, 4.200000, 0.001000, 2.820000, 0.560000, 2.830000, 0.440000, 3.140000, 0.440000, 3.440000, 0.440000, 
1000, 20, 4.910000, 10.000000, 2.830000, 0.440000, 3.140000, 0.440000, 3.440000, 0.440000, 3.750000, 0.440000, 
1000, 30, 5.080000, 1.000000, 3.140000, 0.440000, 3.440000, 0.440000, 3.750000, 0.440000, 4.060000, 0.440000, 
1000, 40, 5.710000, 0.000000, 3.440000, 0.440000, 3.750000, 0.440000, 4.060000, 0.440000, 4.360000, 0.440000, 
1000, 50, 6.360000, 0.010000, 3.750000, 0.440000, 4.060000, 0.440000, 4.360000, 0.440000, 4.660000, 0.440000, 
1000, 60, 7.000000, 0.000000, 4.060000, 0.440000, 4.360000, 0.440000, 4.660000, 0.440000, 4.980000, 0.440000, 
1000, 70, 7.650000, 10.000000, 4.360000, 0.440000, 4.660000, 0.440000, 4.980000, 0.440000, 4.980000, 0.440000, 
1000, 80, 8.280000, 0.100000, 4.660000, 0.440000, 4.980000, 0.440000, 4.980000, 0.440000, 4.980000, 0.440000, 
1000, 90, 8.910000, 1.000000, 4.980000, 0.440000, 4.980000, 0.440000, 4.980000, 0.440000, 4.990000, 0.440000, 
1000, 100, 53.100000, 0.001000, 4.980000, 0.440000, 4.980000, 0.440000, 4.990000, 0.440000, 0.000000, 0.000000, 
2000, 1, 4.200000, 0.001000, 2.820000, 0.560000, 2.830000, 0.440000, 3.140000, 0.440000, 3.440000, 0.440000, 
2000, 10, 4.910000, 10.000000, 2.830000, 0.440000, 3.140000, 0.440000, 3.440000, 0.440000, 3.750000, 0.440000, 
2000, 20, 5.080000, 1.000000, 3.140000, 0.440000, 3.440000, 0.440000, 3.750000, 0.440000, 4.060000, 0.440000, 
2000, 30, 5.710000, 0.000000, 3.440000, 0.440000, 3.750000, 0.440000, 4.060000, 0.440000, 4.360000, 0.440000, 
2000, 40, 6.360000, 0.010000, 3.750000, 0.440000, 4.060000, 0.440000, 4.360000, 0.440000, 4.660000, 0.440000, 
2000, 50, 7.000000, 0.000000, 4.060000, 0.440000, 4.360000, 0.440000, 4.660000, 0.440000, 4.980000, 0.440000, 
2000, 60, 7.650000, 10.000000, 4.360000, 0.440000, 4.660000, 0.440000, 4.980000, 0.440000, 4.980000, 0.440000, 
2000, 70, 8.280000, 0.100000, 4.660000, 0.440000, 4.980000, 0.440000, 4.980000, 0.440000, 4.980000, 0.440000, 
2000, 80, 8.910000, 1.000000, 4.980000, 0.440000, 4.980000, 0.440000, 4.980000, 0.440000, 4.990000, 0.440000, 
2000, 90, 53.100000, 0.001000, 4.980000, 0.440000, 4.980000, 0.440000, 4.990000, 0.440000, 0.000000, 0.000000, 
2000, 100, 97.820000, 0.010000, 4.980000, 0.440000, 4.990000, 0.440000, 0.000000, 0.000000, 0.000000, 0.000000, 
3000, 1, 4.910000, 10.000000, 2.830000, 0.440000, 3.140000, 0.440000, 3.440000, 0.440000, 3.750000, 0.440000, 
3000, 10, 5.080000, 1.000000, 3.140000, 0.440000, 3.440000, 0.440000, 3.750000, 0.440000, 4.060000, 0.440000, 
3000, 20, 5.710000, 0.000000, 3.440000, 0.440000, 3.750000, 0.440000, 4.060000, 0.440000, 4.360000, 0.440000, 
3000, 30, 6.360000, 0.010000, 3.750000, 0.440000, 4.060000, 0.440000, 4.360000, 0.440000, 4.660000, 0.440000, 
3000, 40, 7.000000, 0.000000, 4.060000, 0.440000, 4.360000, 0.440000, 4.660000, 0.440000, 4.980000, 0.440000, 
3000, 50, 7.650000, 10.000000, 4.360000, 0.440000, 4.660000, 0.440000, 4.980000, 0.440000, 4.980000, 0.440000, 
3000, 60, 8.280000, 0.100000, 4.660000, 0.440000, 4.980000, 0.440000, 4.980000, 0.440000, 4.980000, 0.440000, 
3000, 70, 8.910000, 1.000000, 4.980000, 0.440000, 4.980000, 0.440000, 4.980000, 0.440000, 4.990000, 0.440000, 
3000, 80, 53.100000, 0.001000, 4.980000, 0.440000, 4.980000, 0.440000, 4.990000, 0.440000, 0.000000, 0.000000, 
3000, 90, 97.820000, 0.010000, 4.980000, 0.440000, 4.990000, 0.440000, 0.000000, 0.000000, 0.000000, 0.000000, 
3000, 100, 152.130000, 1.000000, 4.990000, 0.440000, 0.000000, 0.000000, 0.000000, 0.000000, 0.000000, 0.000000, 
4000, 1, 5.080000, 1.000000, 3.140000, 0.440000, 3.440000, 0.440000, 3.750000, 0.440000, 4.060000, 0.440000, 
4000, 10, 5.710000, 0.000000, 3.440000, 0.440000, 3.750000, 0.440000, 4.060000, 0.440000, 4.360000, 0.440000, 
4000, 20, 6.360000, 0.010000, 3.750000, 0.440000, 4.060000, 0.440000, 4.360000, 0.440000, 4.660000, 0.440000, 
4000, 30, 7.000000, 0.000000, 4.060000, 0.440000, 4.360000, 0.440000, 4.660000, 0.440000, 4.980000, 0.440000, 
4000, 40, 7.650000, 10.000000, 4.360000, 0.440000, 4.660000, 0.440000, 4.980000, 0.440000, 4.980000, 0.440000, 
4000, 50, 8.280000, 0.100000, 4.660000, 0.440000, 4.980000, 0.440000, 4.980000, 0.440000, 4.980000, 0.440000, 
4000, 60, 8.910000, 1.000000, 4.980000, 0.440000, 4.980000, 0.440000, 4.980000, 0.440000, 4.990000, 0.440000, 
4000, 70, 53.100000, 0.001000, 4.980000, 0.440000, 4.980000, 0.440000, 4.990000, 0.440000, 0.000000, 0.000000, 
4000, 80, 97.820000, 0.010000, 4.980000, 0.440000, 4.990000, 0.440000, 0.000000, 0.000000, 0.000000, 0.000000, 
4000, 90, 152.130000, 1.000000, 4.990000, 0.440000, 0.000000, 0.000000, 0.000000, 0.000000, 0.000000, 0.000000, 
4000, 100, 186.320000, 1.000000, 0.000000, 0.000000, 0.000000, 0.000000, 0.000000, 0.000000, 0.000000, 0.000000, 
5000, 1, 5.710000, 0.000000, 3.440000, 0.440000, 3.750000, 0.440000, 4.060000, 0.440000, 4.360000, 0.440000, 
5000, 10, 6.360000, 0.010000, 3.750000, 0.440000, 4.060000, 0.440000, 4.360000, 0.440000, 4.660000, 0.440000, 
5000, 20, 7.000000, 0.000000, 4.060000, 0.440000, 4.360000, 0.440000, 4.660000, 0.440000, 4.980000, 0.440000, 
5000, 30, 7.650000, 10.000000, 4.360000, 0.440000, 4.660000, 0.440000, 4.980000, 0.440000, 4.980000, 0.440000, 
5000, 40, 8.280000, 0.100000, 4.660000, 0.440000, 4.980000, 0.440000, 4.980000, 0.440000, 4.980000, 0.440000, 
5000, 50, 8.910000, 1.000000, 4.980000, 0.440000, 4.980000, 0.440000, 4.980000, 0.440000, 4.990000, 0.440000, 
5000, 60, 53.100000, 0.001000, 4.980000, 0.440000, 4.980000, 0.440000, 4.990000, 0.440000, 0.000000, 0.000000, 
5000, 70, 97.820000, 0.010000, 4.980000, 0.440000, 4.990000, 0.440000, 0.000000, 0.000000, 0.000000, 0.000000, 
5000, 80, 152.130000, 1.000000, 4.990000, 0.440000, 0.000000, 0.000000, 0.000000, 0.000000, 0.000000, 0.000000, 
5000, 90, 186.320000, 1.000000, 0.000000, 0.000000, 0.000000, 0.000000, 0.000000, 0.000000, 0.000000, 0.000000, 
5000, 100, 249.480000, 0.100000, 0.000000, 0.000000, 0.000000, 0.000000, 0.000000, 0.000000, 0.000000, 0.000000, 
6000, 1, 6.360000, 0.010000, 3.750000, 0.440000, 4.060000, 0.440000, 4.360000, 0.440000, 4.660000, 0.440000, 
6000, 10, 7.000000, 0.000000, 4.060000, 0.440000, 4.360000, 0.440000, 4.660000, 0.440000, 4.980000, 0.440000, 
6000, 20, 7.650000, 10.000000, 4.360000, 0.440000, 4.660000, 0.440000, 4.980000, 0.440000, 4.980000, 0.440000, 
6000, 30, 8.280000, 0.100000, 4.660000, 0.440000, 4.980000, 0.440000, 4.980000, 0.440000, 4.980000, 0.440000, 
6000, 40, 8.910000, 1.000000, 4.980000, 0.440000, 4.980000, 0.440000, 4.980000, 0.440000, 4.990000, 0.440000, 
6000, 50, 53.100000, 0.001000, 4.980000, 0.440000, 4.980000, 0.440000, 4.990000, 0.440000, 0.000000, 0.000000, 
6000, 60, 97.820000, 0.010000, 4.980000, 0.440000, 4.990000, 0.440000, 0.000000, 0.000000, 0.000000, 0.000000, 
6000, 70, 152.130000, 1.000000, 4.990000, 0.440000, 0.000000, 0.000000, 0.000000, 0.000000, 0.000000, 0.000000, 
6000, 80, 186.320000, 1.000000, 0.000000, 0.000000, 0.000000, 0.000000, 0.000000, 0.000000, 0.000000, 0.000000, 
6000, 90, 249.480000, 0.100000, 0.000000, 0.000000, 0.000000, 0.000000, 0.000000, 0.000000, 0.000000, 0.000000, 
6000, 100, 286.250000, 0.100000, 0.000000, 0.000000, 0.000000, 0.000000, 0.000000, 0.000000, 0.000000, 0.000000, 
7000, 1, 7.000000, 0.000000, 4.060000, 0.440000, 4.360000, 0.440000, 4.660000, 0.440000, 4.980000, 0.440000, 
7000, 10, 7.650000, 10.000000, 4.360000, 0.440000, 4.660000, 0.440000, 4.980000, 0.440000, 4.980000, 0.440000, 
7000, 20, 8.280000, 0.100000, 4.660000, 0.440000, 4.980000, 0.440000, 4.980000, 0.440000, 4.980000, 0.440000, 
7000, 30, 8.910000, 1.000000, 4.980000, 0.440000, 4.980000, 0.440000, 4.980000, 0.440000, 4.990000, 0.440000, 
7000, 40, 53.100000, 0.001000, 4.980000, 0.440000, 4.980000, 0.440000, 4.990000, 0.440000, 0.000000, 0.000000, 
7000, 50, 97.820000, 0.010000, 4.980000, 0.440000, 4.990000, 0.440000, 0.000000, 0.000000, 0.000000, 0.000000, 
7000, 60, 152.130000, 1.000000, 4.990000, 0.440000, 0.000000, 0.000000, 0.000000, 0.000000, 0.000000, 0.000000, 
7000, 70, 186.320000, 1.000000, 0.000000, 0.000000, 0.000000, 0.000000, 0.000000, 0.000000, 0.000000, 0.000000, 
7000, 80, 249.480000, 0.100000, 0.000000, 0.000000, 0.000000, 0.000000, 0.000000, 0.000000, 0.000000, 0.000000, 
7000, 90, 286.250000, 0.100000, 0.000000, 0.000000, 0.000000, 0.000000, 0.000000, 0.000000, 0.000000, 0.000000, 
7000, 100, 357.520000, 10.000000, 0.000000, 0.000000, 0.000000, 0.000000, 0.000000, 0.000000, 0.000000, 0.000000, 
8000, 1, 7.650000, 10.000000, 4.360000, 0.440000, 4.660000, 0.440000, 4.980000, 0.440000, 4.980000, 0.440000, 
8000, 10, 8.280000, 0.100000, 4.660000, 0.440000, 4.980000, 0.440000, 4.980000, 0.440000, 4.980000, 0.440000, 
8000, 20, 8.910000, 1.000000, 4.980000, 0.440000, 4.980000, 0.440000, 4.980000, 0.440000, 4.990000, 0.440000, 
8000, 30, 53.100000, 0.001000, 4.980000, 0.440000, 4.980000, 0.440000, 4.990000, 0.440000, 0.000000, 0.000000, 
8000, 40, 97.820000, 0.010000, 4.980000, 0.440000, 4.990000, 0.440000, 0.000000, 0.000000, 0.000000, 0.000000, 
8000, 50, 152.130000, 1.000000, 4.990000, 0.440000, 0.000000, 0.000000, 0.000000, 0.000000, 0.000000, 0.000000, 
8000, 60, 186.320000, 1.000000, 0.000000, 0.000000, 0.000000, 0.000000, 0.000000, 0.000000, 0.000000, 0.000000, 
8000, 70, 249.480000, 0.100000, 0.000000, 0.000000, 0.000000, 0.000000, 0.000000, 0.000000, 0.000000, 0.000000, 
8000, 80, 286.250000, 0.100000, 0.000000, 0.000000, 0.000000, 0.000000, 0.000000, 0.000000, 0.000000, 0.000000, 
8000, 90, 357.520000, 10.000000, 0.000000, 0.000000, 0.000000, 0.000000, 0.000000, 0.000000, 0.000000, 0.000000, 
8000, 100, 384.950000, 0.000000, 0.000000, 0.000000, 0.000000, 0.000000, 0.000000, 0.000000, 0.000000, 0.000000, 
9000, 1, 8.280000, 0.100000, 4.660000, 0.440000, 4.980000, 0.440000, 4.980000, 0.440000, 4.980000, 0.440000, 
9000, 10, 8.910000, 1.000000, 4.980000, 0.440000, 4.980000, 0.440000, 4.980000, 0.440000, 4.990000, 0.440000, 
9000, 20, 53.100000, 0.001000, 4.980000, 0.440000, 4.980000, 0.440000, 4.990000, 0.440000, 0.000000, 0.000000, 
9000, 30, 97.820000, 0.010000, 4.980000, 0.440000, 4.990000, 0.440000, 0.000000, 0.000000, 0.000000, 0.000000, 
9000, 40, 152.130000, 1.000000, 4.990000, 0.440000, 0.000000, 0.000000, 0.000000, 0.000000, 0.000000, 0.000000, 
9000, 50, 186.320000, 1.000000, 0.000000, 0.000000, 0.000000, 0.000000, 0.000000, 0.000000, 0.000000, 0.000000, 
9000, 60, 249.480000, 0.100000, 0.000000, 0.000000, 0.000000, 0.000000, 0.000000, 0.000000, 0.000000, 0.000000, 
9000, 70, 286.250000, 0.100000, 0.000000, 0.000000, 0.000000, 0.000000, 0.000000, 0.000000, 0.000000, 0.000000, 
9000, 80, 357.520000, 10.000000, 0.000000, 0.000000, 0.000000, 0.000000, 0.000000, 0.000000, 0.000000, 0.000000, 
9000, 90, 384.950000, 0.000000, 0.000000, 0.000000, 0.000000, 0.000000, 0.000000, 0.000000, 0.000000, 0.000000, 
9000, 100, 470.240000, 1.000000, 0.000000, 0.000000, 0.000000, 0.000000, 0.000000, 0.000000, 0.000000, 0.000000, 
10000, 1, 8.910000, 1.000000, 4.980000, 0.440000, 4.980000, 0.440000, 4.980000, 0.440000, 4.990000, 0.440000, 
10000, 10, 53.100000, 0.001000, 4.980000, 0.440000, 4.980000, 0.440000, 4.990000, 0.440000, 0.000000, 0.000000, 
10000, 20, 97.820000, 0.010000, 4.980000, 0.440000, 4.990000, 0.440000, 0.000000, 0.000000, 0.000000, 0.000000, 
10000, 30, 152.130000, 1.000000, 4.990000, 0.440000, 0.000000, 0.000000, 0.000000, 0.000000, 0.000000, 0.000000, 
10000, 40, 186.320000, 1.000000, 0.000000, 0.000000, 0.000000, 0.000000, 0.000000, 0.000000, 0.000000, 0.000000, 
10000, 50, 249.480000, 0.100000, 0.000000, 0.000000, 0.000000, 0.000000, 0.000000, 0.000000, 0.000000, 0.000000, 
10000, 60, 286.250000, 0.100000, 0.000000, 0.000000, 0.000000, 0.000000, 0.000000, 0.000000, 0.000000, 0.000000, 
10000, 70, 357.520000, 10.000000, 0.000000, 0.000000, 0.000000, 0.000000, 0.000000, 0.000000, 0.000000, 0.000000, 
10000, 80, 384.950000, 0.000000, 0.000000, 0.000000, 0.000000, 0.000000, 0.000000, 0.000000, 0.000000, 0.000000, 
10000, 90, 470.240000, 1.000000, 0.000000, 0.000000, 0.000000, 0.000000, 0.000000, 0.000000, 0.000000, 0.000000, 
10000, 100, 477.070000, 10.000000, 0.000000, 0.000000, 0.000000, 0.000000, 0.000000, 0.000000, 0.000000, 0.000000, 
