Weights are nan - discard trial 2,4800,0,
Weights are nan - discard trial 2,4800,3,
Weights are nan - discard trial 2,7200,2,
Weights are nan - discard trial 2,9600,0,
Weights are nan - discard trial 2,14400,3,
Weights are nan - discard trial 2,19200,1,
Weights are nan - discard trial 2,19200,2,
Weights are nan - discard trial 2,24000,0,
Weights are nan - discard trial 2,24000,3,
Weights are nan - discard trial 8,16800,3,
Weights are nan - discard trial 8,21600,0,
Weights are nan - discard trial 8,24000,1,
Weights are nan - discard trial 10,4800,3,
Weights are nan - discard trial 10,9600,1,
Weights are nan - discard trial 10,9600,2,
Weights are nan - discard trial 10,16800,0,
Weights are nan - discard trial 10,16800,1,
Weights are nan - discard trial 10,16800,2,
Weights are nan - discard trial 10,24000,0,
Weights are nan - discard trial 10,24000,1,
Weights are nan - discard trial 10,24000,3,
Weights are nan - discard trial 12,1,0,
Weights are nan - discard trial 12,1,1,
Weights are nan - discard trial 12,1,2,
Weights are nan - discard trial 12,1,3,
Weights are nan - discard trial 12,4800,0,
Weights are nan - discard trial 12,4800,2,
Weights are nan - discard trial 12,4800,3,
Weights are nan - discard trial 12,7200,1,
Weights are nan - discard trial 12,7200,3,
Weights are nan - discard trial 14,2400,2,
Weights are nan - discard trial 14,2400,3,
Weights are nan - discard trial 14,4800,0,
Weights are nan - discard trial 14,4800,1,
Weights are nan - discard trial 14,4800,2,
Weights are nan - discard trial 16,1,0,
Weights are nan - discard trial 16,1,1,
Weights are nan - discard trial 16,1,2,
Weights are nan - discard trial 16,1,3,
Batch, S_batch, TimeL, L, T1, E1, T2, E2, T3, E3, T4, E4,
1, 1, 0.440000, 0.010000, 0.000000, 0.313423, 0.000000, 0.209642, 0.000000, 0.170674, 0.000000, 0.095979, 
1, 2400, 0.400000, 0.001000, 0.000000, 0.209642, 0.000000, 0.170674, 0.000000, 0.095979, 0.000000, 0.103501, 
1, 4800, 0.390000, 100.000000, 0.000000, 0.170674, 0.000000, 0.095979, 0.000000, 0.103501, 0.000000, 0.103021, 
1, 7200, 0.390000, 1000.000000, 0.000000, 0.095979, 0.000000, 0.103501, 0.000000, 0.103021, 0.000000, 0.095979, 
1, 9600, 0.390000, 0.100000, 0.000000, 0.103501, 0.000000, 0.103021, 0.000000, 0.095979, 0.000000, 0.144069, 
1, 12000, 0.390000, 1.000000, 0.000000, 0.103021, 0.000000, 0.095979, 0.000000, 0.144069, 0.000000, 0.095979, 
1, 14400, 0.400000, 1000.000000, 0.000000, 0.095979, 0.000000, 0.144069, 0.000000, 0.095979, 0.000000, 0.128666, 
1, 16800, 0.410000, 0.001000, 0.000000, 0.144069, 0.000000, 0.095979, 0.000000, 0.128666, 0.000000, 0.095979, 
1, 19200, 0.400000, 1000.000000, 0.000000, 0.095979, 0.000000, 0.128666, 0.000000, 0.095979, 0.000000, 0.095979, 
1, 21600, 0.400000, 10.000000, 0.000000, 0.128666, 0.000000, 0.095979, 0.000000, 0.095979, 0.390000, 0.095979, 
1, 24000, 0.460000, 0.000000, 0.000000, 0.095979, 0.000000, 0.095979, 0.390000, 0.095979, 0.760000, 0.132066, 
2, 1, 0.400000, 0.001000, 0.000000, 0.209642, 0.000000, 0.170674, 0.000000, 0.095979, 0.000000, 0.103501, 
2, 2400, 0.390000, 100.000000, 0.000000, 0.170674, 0.000000, 0.095979, 0.000000, 0.103501, 0.000000, 0.103021, 
2, 4800, 0.390000, 1000.000000, 0.000000, 0.095979, 0.000000, 0.103501, 0.000000, 0.103021, 0.000000, 0.095979, 
2, 7200, 0.390000, 0.100000, 0.000000, 0.103501, 0.000000, 0.103021, 0.000000, 0.095979, 0.000000, 0.144069, 
2, 9600, 0.390000, 1.000000, 0.000000, 0.103021, 0.000000, 0.095979, 0.000000, 0.144069, 0.000000, 0.095979, 
2, 12000, 0.400000, 1000.000000, 0.000000, 0.095979, 0.000000, 0.144069, 0.000000, 0.095979, 0.000000, 0.128666, 
2, 14400, 0.410000, 0.001000, 0.000000, 0.144069, 0.000000, 0.095979, 0.000000, 0.128666, 0.000000, 0.095979, 
2, 16800, 0.400000, 1000.000000, 0.000000, 0.095979, 0.000000, 0.128666, 0.000000, 0.095979, 0.000000, 0.095979, 
2, 19200, 0.400000, 10.000000, 0.000000, 0.128666, 0.000000, 0.095979, 0.000000, 0.095979, 0.390000, 0.095979, 
2, 21600, 0.460000, 0.000000, 0.000000, 0.095979, 0.000000, 0.095979, 0.390000, 0.095979, 0.760000, 0.132066, 
2, 24000, 0.400000, 0.001000, 0.000000, 0.095979, 0.390000, 0.095979, 0.760000, 0.132066, 1.210000, 0.116503, 
4, 1, 0.390000, 100.000000, 0.000000, 0.170674, 0.000000, 0.095979, 0.000000, 0.103501, 0.000000, 0.103021, 
4, 2400, 0.390000, 1000.000000, 0.000000, 0.095979, 0.000000, 0.103501, 0.000000, 0.103021, 0.000000, 0.095979, 
4, 4800, 0.390000, 0.100000, 0.000000, 0.103501, 0.000000, 0.103021, 0.000000, 0.095979, 0.000000, 0.144069, 
4, 7200, 0.390000, 1.000000, 0.000000, 0.103021, 0.000000, 0.095979, 0.000000, 0.144069, 0.000000, 0.095979, 
4, 9600, 0.400000, 1000.000000, 0.000000, 0.095979, 0.000000, 0.144069, 0.000000, 0.095979, 0.000000, 0.128666, 
4, 12000, 0.410000, 0.001000, 0.000000, 0.144069, 0.000000, 0.095979, 0.000000, 0.128666, 0.000000, 0.095979, 
4, 14400, 0.400000, 1000.000000, 0.000000, 0.095979, 0.000000, 0.128666, 0.000000, 0.095979, 0.000000, 0.095979, 
4, 16800, 0.400000, 10.000000, 0.000000, 0.128666, 0.000000, 0.095979, 0.000000, 0.095979, 0.390000, 0.095979, 
4, 19200, 0.460000, 0.000000, 0.000000, 0.095979, 0.000000, 0.095979, 0.390000, 0.095979, 0.760000, 0.132066, 
4, 21600, 0.400000, 0.001000, 0.000000, 0.095979, 0.390000, 0.095979, 0.760000, 0.132066, 1.210000, 0.116503, 
4, 24000, 26.400000, 0.100000, 0.390000, 0.095979, 0.760000, 0.132066, 1.210000, 0.116503, 1.570000, 0.095979, 
6, 1, 0.390000, 1000.000000, 0.000000, 0.095979, 0.000000, 0.103501, 0.000000, 0.103021, 0.000000, 0.095979, 
6, 2400, 0.390000, 0.100000, 0.000000, 0.103501, 0.000000, 0.103021, 0.000000, 0.095979, 0.000000, 0.144069, 
6, 4800, 0.390000, 1.000000, 0.000000, 0.103021, 0.000000, 0.095979, 0.000000, 0.144069, 0.000000, 0.095979, 
6, 7200, 0.400000, 1000.000000, 0.000000, 0.095979, 0.000000, 0.144069, 0.000000, 0.095979, 0.000000, 0.128666, 
6, 9600, 0.410000, 0.001000, 0.000000, 0.144069, 0.000000, 0.095979, 0.000000, 0.128666, 0.000000, 0.095979, 
6, 12000, 0.400000, 1000.000000, 0.000000, 0.095979, 0.000000, 0.128666, 0.000000, 0.095979, 0.000000, 0.095979, 
6, 14400, 0.400000, 10.000000, 0.000000, 0.128666, 0.000000, 0.095979, 0.000000, 0.095979, 0.390000, 0.095979, 
6, 16800, 0.460000, 0.000000, 0.000000, 0.095979, 0.000000, 0.095979, 0.390000, 0.095979, 0.760000, 0.132066, 
6, 19200, 0.400000, 0.001000, 0.000000, 0.095979, 0.390000, 0.095979, 0.760000, 0.132066, 1.210000, 0.116503, 
6, 21600, 26.400000, 0.100000, 0.390000, 0.095979, 0.760000, 0.132066, 1.210000, 0.116503, 1.570000, 0.095979, 
6, 24000, 50.230000, 10.000000, 0.760000, 0.132066, 1.210000, 0.116503, 1.570000, 0.095979, 1.980000, 0.096579, 
8, 1, 0.390000, 0.100000, 0.000000, 0.103501, 0.000000, 0.103021, 0.000000, 0.095979, 0.000000, 0.144069, 
8, 2400, 0.390000, 1.000000, 0.000000, 0.103021, 0.000000, 0.095979, 0.000000, 0.144069, 0.000000, 0.095979, 
8, 4800, 0.400000, 1000.000000, 0.000000, 0.095979, 0.000000, 0.144069, 0.000000, 0.095979, 0.000000, 0.128666, 
8, 7200, 0.410000, 0.001000, 0.000000, 0.144069, 0.000000, 0.095979, 0.000000, 0.128666, 0.000000, 0.095979, 
8, 9600, 0.400000, 1000.000000, 0.000000, 0.095979, 0.000000, 0.128666, 0.000000, 0.095979, 0.000000, 0.095979, 
8, 12000, 0.400000, 10.000000, 0.000000, 0.128666, 0.000000, 0.095979, 0.000000, 0.095979, 0.390000, 0.095979, 
8, 14400, 0.460000, 0.000000, 0.000000, 0.095979, 0.000000, 0.095979, 0.390000, 0.095979, 0.760000, 0.132066, 
8, 16800, 0.400000, 0.001000, 0.000000, 0.095979, 0.390000, 0.095979, 0.760000, 0.132066, 1.210000, 0.116503, 
8, 19200, 26.400000, 0.100000, 0.390000, 0.095979, 0.760000, 0.132066, 1.210000, 0.116503, 1.570000, 0.095979, 
8, 21600, 50.230000, 10.000000, 0.760000, 0.132066, 1.210000, 0.116503, 1.570000, 0.095979, 1.980000, 0.096579, 
8, 24000, 80.710000, 0.010000, 1.210000, 0.116503, 1.570000, 0.095979, 1.980000, 0.096579, 2.310000, 0.099260, 
10, 1, 0.390000, 1.000000, 0.000000, 0.103021, 0.000000, 0.095979, 0.000000, 0.144069, 0.000000, 0.095979, 
10, 2400, 0.400000, 1000.000000, 0.000000, 0.095979, 0.000000, 0.144069, 0.000000, 0.095979, 0.000000, 0.128666, 
10, 4800, 0.410000, 0.001000, 0.000000, 0.144069, 0.000000, 0.095979, 0.000000, 0.128666, 0.000000, 0.095979, 
10, 7200, 0.400000, 1000.000000, 0.000000, 0.095979, 0.000000, 0.128666, 0.000000, 0.095979, 0.000000, 0.095979, 
10, 9600, 0.400000, 10.000000, 0.000000, 0.128666, 0.000000, 0.095979, 0.000000, 0.095979, 0.390000, 0.095979, 
10, 12000, 0.460000, 0.000000, 0.000000, 0.095979, 0.000000, 0.095979, 0.390000, 0.095979, 0.760000, 0.132066, 
10, 14400, 0.400000, 0.001000, 0.000000, 0.095979, 0.390000, 0.095979, 0.760000, 0.132066, 1.210000, 0.116503, 
10, 16800, 26.400000, 0.100000, 0.390000, 0.095979, 0.760000, 0.132066, 1.210000, 0.116503, 1.570000, 0.095979, 
10, 19200, 50.230000, 10.000000, 0.760000, 0.132066, 1.210000, 0.116503, 1.570000, 0.095979, 1.980000, 0.096579, 
10, 21600, 80.710000, 0.010000, 1.210000, 0.116503, 1.570000, 0.095979, 1.980000, 0.096579, 2.310000, 0.099260, 
10, 24000, 103.580000, 10.000000, 1.570000, 0.095979, 1.980000, 0.096579, 2.310000, 0.099260, 2.780000, 0.126785, 
12, 1, 0.400000, 1000.000000, 0.000000, 0.095979, 0.000000, 0.144069, 0.000000, 0.095979, 0.000000, 0.128666, 
12, 2400, 0.410000, 0.001000, 0.000000, 0.144069, 0.000000, 0.095979, 0.000000, 0.128666, 0.000000, 0.095979, 
12, 4800, 0.400000, 1000.000000, 0.000000, 0.095979, 0.000000, 0.128666, 0.000000, 0.095979, 0.000000, 0.095979, 
12, 7200, 0.400000, 10.000000, 0.000000, 0.128666, 0.000000, 0.095979, 0.000000, 0.095979, 0.390000, 0.095979, 
12, 9600, 0.460000, 0.000000, 0.000000, 0.095979, 0.000000, 0.095979, 0.390000, 0.095979, 0.760000, 0.132066, 
12, 12000, 0.400000, 0.001000, 0.000000, 0.095979, 0.390000, 0.095979, 0.760000, 0.132066, 1.210000, 0.116503, 
12, 14400, 26.400000, 0.100000, 0.390000, 0.095979, 0.760000, 0.132066, 1.210000, 0.116503, 1.570000, 0.095979, 
12, 16800, 50.230000, 10.000000, 0.760000, 0.132066, 1.210000, 0.116503, 1.570000, 0.095979, 1.980000, 0.096579, 
12, 19200, 80.710000, 0.010000, 1.210000, 0.116503, 1.570000, 0.095979, 1.980000, 0.096579, 2.310000, 0.099260, 
12, 21600, 103.580000, 10.000000, 1.570000, 0.095979, 1.980000, 0.096579, 2.310000, 0.099260, 2.780000, 0.126785, 
12, 24000, 130.380000, 1.000000, 1.980000, 0.096579, 2.310000, 0.099260, 2.780000, 0.126785, 3.070000, 0.115023, 
14, 1, 0.410000, 0.001000, 0.000000, 0.144069, 0.000000, 0.095979, 0.000000, 0.128666, 0.000000, 0.095979, 
14, 2400, 0.400000, 1000.000000, 0.000000, 0.095979, 0.000000, 0.128666, 0.000000, 0.095979, 0.000000, 0.095979, 
14, 4800, 0.400000, 10.000000, 0.000000, 0.128666, 0.000000, 0.095979, 0.000000, 0.095979, 0.390000, 0.095979, 
14, 7200, 0.460000, 0.000000, 0.000000, 0.095979, 0.000000, 0.095979, 0.390000, 0.095979, 0.760000, 0.132066, 
14, 9600, 0.400000, 0.001000, 0.000000, 0.095979, 0.390000, 0.095979, 0.760000, 0.132066, 1.210000, 0.116503, 
14, 12000, 26.400000, 0.100000, 0.390000, 0.095979, 0.760000, 0.132066, 1.210000, 0.116503, 1.570000, 0.095979, 
14, 14400, 50.230000, 10.000000, 0.760000, 0.132066, 1.210000, 0.116503, 1.570000, 0.095979, 1.980000, 0.096579, 
14, 16800, 80.710000, 0.010000, 1.210000, 0.116503, 1.570000, 0.095979, 1.980000, 0.096579, 2.310000, 0.099260, 
14, 19200, 103.580000, 10.000000, 1.570000, 0.095979, 1.980000, 0.096579, 2.310000, 0.099260, 2.780000, 0.126785, 
14, 21600, 130.380000, 1.000000, 1.980000, 0.096579, 2.310000, 0.099260, 2.780000, 0.126785, 3.070000, 0.115023, 
14, 24000, 150.740000, 0.100000, 2.310000, 0.099260, 2.780000, 0.126785, 3.070000, 0.115023, 3.590000, 0.095979, 
16, 1, 0.400000, 1000.000000, 0.000000, 0.095979, 0.000000, 0.128666, 0.000000, 0.095979, 0.000000, 0.095979, 
16, 2400, 0.400000, 10.000000, 0.000000, 0.128666, 0.000000, 0.095979, 0.000000, 0.095979, 0.390000, 0.095979, 
16, 4800, 0.460000, 0.000000, 0.000000, 0.095979, 0.000000, 0.095979, 0.390000, 0.095979, 0.760000, 0.132066, 
16, 7200, 0.400000, 0.001000, 0.000000, 0.095979, 0.390000, 0.095979, 0.760000, 0.132066, 1.210000, 0.116503, 
16, 9600, 26.400000, 0.100000, 0.390000, 0.095979, 0.760000, 0.132066, 1.210000, 0.116503, 1.570000, 0.095979, 
16, 12000, 50.230000, 10.000000, 0.760000, 0.132066, 1.210000, 0.116503, 1.570000, 0.095979, 1.980000, 0.096579, 
16, 14400, 80.710000, 0.010000, 1.210000, 0.116503, 1.570000, 0.095979, 1.980000, 0.096579, 2.310000, 0.099260, 
16, 16800, 103.580000, 10.000000, 1.570000, 0.095979, 1.980000, 0.096579, 2.310000, 0.099260, 2.780000, 0.126785, 
16, 19200, 130.380000, 1.000000, 1.980000, 0.096579, 2.310000, 0.099260, 2.780000, 0.126785, 3.070000, 0.115023, 
16, 21600, 150.740000, 0.100000, 2.310000, 0.099260, 2.780000, 0.126785, 3.070000, 0.115023, 3.590000, 0.095979, 
16, 24000, 183.020000, 10.000000, 2.780000, 0.126785, 3.070000, 0.115023, 3.590000, 0.095979, 3.860000, 0.095979, 
18, 1, 0.400000, 10.000000, 0.000000, 0.128666, 0.000000, 0.095979, 0.000000, 0.095979, 0.390000, 0.095979, 
18, 2400, 0.460000, 0.000000, 0.000000, 0.095979, 0.000000, 0.095979, 0.390000, 0.095979, 0.760000, 0.132066, 
18, 4800, 0.400000, 0.001000, 0.000000, 0.095979, 0.390000, 0.095979, 0.760000, 0.132066, 1.210000, 0.116503, 
18, 7200, 26.400000, 0.100000, 0.390000, 0.095979, 0.760000, 0.132066, 1.210000, 0.116503, 1.570000, 0.095979, 
18, 9600, 50.230000, 10.000000, 0.760000, 0.132066, 1.210000, 0.116503, 1.570000, 0.095979, 1.980000, 0.096579, 
18, 12000, 80.710000, 0.010000, 1.210000, 0.116503, 1.570000, 0.095979, 1.980000, 0.096579, 2.310000, 0.099260, 
18, 14400, 103.580000, 10.000000, 1.570000, 0.095979, 1.980000, 0.096579, 2.310000, 0.099260, 2.780000, 0.126785, 
18, 16800, 130.380000, 1.000000, 1.980000, 0.096579, 2.310000, 0.099260, 2.780000, 0.126785, 3.070000, 0.115023, 
18, 19200, 150.740000, 0.100000, 2.310000, 0.099260, 2.780000, 0.126785, 3.070000, 0.115023, 3.590000, 0.095979, 
18, 21600, 183.020000, 10.000000, 2.780000, 0.126785, 3.070000, 0.115023, 3.590000, 0.095979, 3.860000, 0.095979, 
18, 24000, 200.490000, 10.000000, 3.070000, 0.115023, 3.590000, 0.095979, 3.860000, 0.095979, 3.850000, 0.095979, 
20, 1, 0.460000, 0.000000, 0.000000, 0.095979, 0.000000, 0.095979, 0.390000, 0.095979, 0.760000, 0.132066, 
20, 2400, 0.400000, 0.001000, 0.000000, 0.095979, 0.390000, 0.095979, 0.760000, 0.132066, 1.210000, 0.116503, 
20, 4800, 26.400000, 0.100000, 0.390000, 0.095979, 0.760000, 0.132066, 1.210000, 0.116503, 1.570000, 0.095979, 
20, 7200, 50.230000, 10.000000, 0.760000, 0.132066, 1.210000, 0.116503, 1.570000, 0.095979, 1.980000, 0.096579, 
20, 9600, 80.710000, 0.010000, 1.210000, 0.116503, 1.570000, 0.095979, 1.980000, 0.096579, 2.310000, 0.099260, 
20, 12000, 103.580000, 10.000000, 1.570000, 0.095979, 1.980000, 0.096579, 2.310000, 0.099260, 2.780000, 0.126785, 
20, 14400, 130.380000, 1.000000, 1.980000, 0.096579, 2.310000, 0.099260, 2.780000, 0.126785, 3.070000, 0.115023, 
20, 16800, 150.740000, 0.100000, 2.310000, 0.099260, 2.780000, 0.126785, 3.070000, 0.115023, 3.590000, 0.095979, 
20, 19200, 183.020000, 10.000000, 2.780000, 0.126785, 3.070000, 0.115023, 3.590000, 0.095979, 3.860000, 0.095979, 
20, 21600, 200.490000, 10.000000, 3.070000, 0.115023, 3.590000, 0.095979, 3.860000, 0.095979, 3.850000, 0.095979, 
20, 24000, 236.020000, 10.000000, 3.590000, 0.095979, 3.860000, 0.095979, 3.850000, 0.095979, 3.830000, 0.095979, 
22, 1, 0.400000, 0.001000, 0.000000, 0.095979, 0.390000, 0.095979, 0.760000, 0.132066, 1.210000, 0.116503, 
22, 2400, 26.400000, 0.100000, 0.390000, 0.095979, 0.760000, 0.132066, 1.210000, 0.116503, 1.570000, 0.095979, 
22, 4800, 50.230000, 10.000000, 0.760000, 0.132066, 1.210000, 0.116503, 1.570000, 0.095979, 1.980000, 0.096579, 
22, 7200, 80.710000, 0.010000, 1.210000, 0.116503, 1.570000, 0.095979, 1.980000, 0.096579, 2.310000, 0.099260, 
22, 9600, 103.580000, 10.000000, 1.570000, 0.095979, 1.980000, 0.096579, 2.310000, 0.099260, 2.780000, 0.126785, 
22, 12000, 130.380000, 1.000000, 1.980000, 0.096579, 2.310000, 0.099260, 2.780000, 0.126785, 3.070000, 0.115023, 
22, 14400, 150.740000, 0.100000, 2.310000, 0.099260, 2.780000, 0.126785, 3.070000, 0.115023, 3.590000, 0.095979, 
22, 16800, 183.020000, 10.000000, 2.780000, 0.126785, 3.070000, 0.115023, 3.590000, 0.095979, 3.860000, 0.095979, 
22, 19200, 200.490000, 10.000000, 3.070000, 0.115023, 3.590000, 0.095979, 3.860000, 0.095979, 3.850000, 0.095979, 
22, 21600, 236.020000, 10.000000, 3.590000, 0.095979, 3.860000, 0.095979, 3.850000, 0.095979, 3.830000, 0.095979, 
22, 24000, 249.810000, 10.000000, 3.860000, 0.095979, 3.850000, 0.095979, 3.830000, 0.095979, 3.830000, 0.095939, 
