Batch, S_batch, TimeL, L, T1, E1, T2, E2, T3, E3, T4, E4,
1, 1, 0.440000, 1000.000000, 0.000000, 0.315623, 0.000000, 0.209362, 0.000000, 0.140908, 0.000000, 0.100140, 
1, 2400, 0.390000, 100.000000, 0.000000, 0.209362, 0.000000, 0.140908, 0.000000, 0.100140, 0.000000, 0.103501, 
1, 4800, 0.400000, 100.000000, 0.000000, 0.140908, 0.000000, 0.100140, 0.000000, 0.103501, 0.000000, 0.103021, 
1, 7200, 0.400000, 0.001000, 0.000000, 0.100140, 0.000000, 0.103501, 0.000000, 0.103021, 0.000000, 0.139268, 
1, 9600, 0.400000, 0.100000, 0.000000, 0.103501, 0.000000, 0.103021, 0.000000, 0.139268, 0.000000, 0.143709, 
1, 12000, 0.410000, 100.000000, 0.000000, 0.103021, 0.000000, 0.139268, 0.000000, 0.143709, 0.000000, 0.126705, 
1, 14400, 0.400000, 0.010000, 0.000000, 0.139268, 0.000000, 0.143709, 0.000000, 0.126705, 0.000000, 0.130586, 
1, 16800, 0.400000, 100.000000, 0.000000, 0.143709, 0.000000, 0.126705, 0.000000, 0.130586, 0.000000, 0.095979, 
1, 19200, 0.410000, 0.001000, 0.000000, 0.126705, 0.000000, 0.130586, 0.000000, 0.095979, 0.000000, 0.096099, 
1, 21600, 0.410000, 10.000000, 0.000000, 0.130586, 0.000000, 0.095979, 0.000000, 0.096099, 0.350000, 0.095979, 
1, 24000, 0.400000, 100.000000, 0.000000, 0.095979, 0.000000, 0.096099, 0.350000, 0.095979, 0.690000, 0.095979, 
2, 1, 0.390000, 100.000000, 0.000000, 0.209362, 0.000000, 0.140908, 0.000000, 0.100140, 0.000000, 0.103501, 
2, 2400, 0.400000, 100.000000, 0.000000, 0.140908, 0.000000, 0.100140, 0.000000, 0.103501, 0.000000, 0.103021, 
2, 4800, 0.400000, 0.001000, 0.000000, 0.100140, 0.000000, 0.103501, 0.000000, 0.103021, 0.000000, 0.139268, 
2, 7200, 0.400000, 0.100000, 0.000000, 0.103501, 0.000000, 0.103021, 0.000000, 0.139268, 0.000000, 0.143709, 
2, 9600, 0.410000, 100.000000, 0.000000, 0.103021, 0.000000, 0.139268, 0.000000, 0.143709, 0.000000, 0.126705, 
2, 12000, 0.400000, 0.010000, 0.000000, 0.139268, 0.000000, 0.143709, 0.000000, 0.126705, 0.000000, 0.130586, 
2, 14400, 0.400000, 100.000000, 0.000000, 0.143709, 0.000000, 0.126705, 0.000000, 0.130586, 0.000000, 0.095979, 
2, 16800, 0.410000, 0.001000, 0.000000, 0.126705, 0.000000, 0.130586, 0.000000, 0.095979, 0.000000, 0.096099, 
2, 19200, 0.410000, 10.000000, 0.000000, 0.130586, 0.000000, 0.095979, 0.000000, 0.096099, 0.350000, 0.095979, 
2, 21600, 0.400000, 100.000000, 0.000000, 0.095979, 0.000000, 0.096099, 0.350000, 0.095979, 0.690000, 0.095979, 
2, 24000, 0.410000, 1000.000000, 0.000000, 0.096099, 0.350000, 0.095979, 0.690000, 0.095979, 1.100000, 0.095979, 
4, 1, 0.400000, 100.000000, 0.000000, 0.140908, 0.000000, 0.100140, 0.000000, 0.103501, 0.000000, 0.103021, 
4, 2400, 0.400000, 0.001000, 0.000000, 0.100140, 0.000000, 0.103501, 0.000000, 0.103021, 0.000000, 0.139268, 
4, 4800, 0.400000, 0.100000, 0.000000, 0.103501, 0.000000, 0.103021, 0.000000, 0.139268, 0.000000, 0.143709, 
4, 7200, 0.410000, 100.000000, 0.000000, 0.103021, 0.000000, 0.139268, 0.000000, 0.143709, 0.000000, 0.126705, 
4, 9600, 0.400000, 0.010000, 0.000000, 0.139268, 0.000000, 0.143709, 0.000000, 0.126705, 0.000000, 0.130586, 
4, 12000, 0.400000, 100.000000, 0.000000, 0.143709, 0.000000, 0.126705, 0.000000, 0.130586, 0.000000, 0.095979, 
4, 14400, 0.410000, 0.001000, 0.000000, 0.126705, 0.000000, 0.130586, 0.000000, 0.095979, 0.000000, 0.096099, 
4, 16800, 0.410000, 10.000000, 0.000000, 0.130586, 0.000000, 0.095979, 0.000000, 0.096099, 0.350000, 0.095979, 
4, 19200, 0.400000, 100.000000, 0.000000, 0.095979, 0.000000, 0.096099, 0.350000, 0.095979, 0.690000, 0.095979, 
4, 21600, 0.410000, 1000.000000, 0.000000, 0.096099, 0.350000, 0.095979, 0.690000, 0.095979, 1.100000, 0.095979, 
4, 24000, 28.270000, 1000.000000, 0.350000, 0.095979, 0.690000, 0.095979, 1.100000, 0.095979, 1.490000, 0.095979, 
6, 1, 0.400000, 0.001000, 0.000000, 0.100140, 0.000000, 0.103501, 0.000000, 0.103021, 0.000000, 0.139268, 
6, 2400, 0.400000, 0.100000, 0.000000, 0.103501, 0.000000, 0.103021, 0.000000, 0.139268, 0.000000, 0.143709, 
6, 4800, 0.410000, 100.000000, 0.000000, 0.103021, 0.000000, 0.139268, 0.000000, 0.143709, 0.000000, 0.126705, 
6, 7200, 0.400000, 0.010000, 0.000000, 0.139268, 0.000000, 0.143709, 0.000000, 0.126705, 0.000000, 0.130586, 
6, 9600, 0.400000, 100.000000, 0.000000, 0.143709, 0.000000, 0.126705, 0.000000, 0.130586, 0.000000, 0.095979, 
6, 12000, 0.410000, 0.001000, 0.000000, 0.126705, 0.000000, 0.130586, 0.000000, 0.095979, 0.000000, 0.096099, 
6, 14400, 0.410000, 10.000000, 0.000000, 0.130586, 0.000000, 0.095979, 0.000000, 0.096099, 0.350000, 0.095979, 
6, 16800, 0.400000, 100.000000, 0.000000, 0.095979, 0.000000, 0.096099, 0.350000, 0.095979, 0.690000, 0.095979, 
6, 19200, 0.410000, 1000.000000, 0.000000, 0.096099, 0.350000, 0.095979, 0.690000, 0.095979, 1.100000, 0.095979, 
6, 21600, 28.270000, 1000.000000, 0.350000, 0.095979, 0.690000, 0.095979, 1.100000, 0.095979, 1.490000, 0.095979, 
6, 24000, 54.930000, 10.000000, 0.690000, 0.095979, 1.100000, 0.095979, 1.490000, 0.095979, 1.750000, 0.095979, 
8, 1, 0.400000, 0.100000, 0.000000, 0.103501, 0.000000, 0.103021, 0.000000, 0.139268, 0.000000, 0.143709, 
8, 2400, 0.410000, 100.000000, 0.000000, 0.103021, 0.000000, 0.139268, 0.000000, 0.143709, 0.000000, 0.126705, 
8, 4800, 0.400000, 0.010000, 0.000000, 0.139268, 0.000000, 0.143709, 0.000000, 0.126705, 0.000000, 0.130586, 
8, 7200, 0.400000, 100.000000, 0.000000, 0.143709, 0.000000, 0.126705, 0.000000, 0.130586, 0.000000, 0.095979, 
8, 9600, 0.410000, 0.001000, 0.000000, 0.126705, 0.000000, 0.130586, 0.000000, 0.095979, 0.000000, 0.096099, 
8, 12000, 0.410000, 10.000000, 0.000000, 0.130586, 0.000000, 0.095979, 0.000000, 0.096099, 0.350000, 0.095979, 
8, 14400, 0.400000, 100.000000, 0.000000, 0.095979, 0.000000, 0.096099, 0.350000, 0.095979, 0.690000, 0.095979, 
8, 16800, 0.410000, 1000.000000, 0.000000, 0.096099, 0.350000, 0.095979, 0.690000, 0.095979, 1.100000, 0.095979, 
8, 19200, 28.270000, 1000.000000, 0.350000, 0.095979, 0.690000, 0.095979, 1.100000, 0.095979, 1.490000, 0.095979, 
8, 21600, 54.930000, 10.000000, 0.690000, 0.095979, 1.100000, 0.095979, 1.490000, 0.095979, 1.750000, 0.095979, 
8, 24000, 85.730000, 1000.000000, 1.100000, 0.095979, 1.490000, 0.095979, 1.750000, 0.095979, 2.090000, 0.095979, 
10, 1, 0.410000, 100.000000, 0.000000, 0.103021, 0.000000, 0.139268, 0.000000, 0.143709, 0.000000, 0.126705, 
10, 2400, 0.400000, 0.010000, 0.000000, 0.139268, 0.000000, 0.143709, 0.000000, 0.126705, 0.000000, 0.130586, 
10, 4800, 0.400000, 100.000000, 0.000000, 0.143709, 0.000000, 0.126705, 0.000000, 0.130586, 0.000000, 0.095979, 
10, 7200, 0.410000, 0.001000, 0.000000, 0.126705, 0.000000, 0.130586, 0.000000, 0.095979, 0.000000, 0.096099, 
10, 9600, 0.410000, 10.000000, 0.000000, 0.130586, 0.000000, 0.095979, 0.000000, 0.096099, 0.350000, 0.095979, 
10, 12000, 0.400000, 100.000000, 0.000000, 0.095979, 0.000000, 0.096099, 0.350000, 0.095979, 0.690000, 0.095979, 
10, 14400, 0.410000, 1000.000000, 0.000000, 0.096099, 0.350000, 0.095979, 0.690000, 0.095979, 1.100000, 0.095979, 
10, 16800, 28.270000, 1000.000000, 0.350000, 0.095979, 0.690000, 0.095979, 1.100000, 0.095979, 1.490000, 0.095979, 
10, 19200, 54.930000, 10.000000, 0.690000, 0.095979, 1.100000, 0.095979, 1.490000, 0.095979, 1.750000, 0.095979, 
10, 21600, 85.730000, 1000.000000, 1.100000, 0.095979, 1.490000, 0.095979, 1.750000, 0.095979, 2.090000, 0.095979, 
10, 24000, 119.620000, 1000.000000, 1.490000, 0.095979, 1.750000, 0.095979, 2.090000, 0.095979, 2.520000, 0.095979, 
12, 1, 0.400000, 0.010000, 0.000000, 0.139268, 0.000000, 0.143709, 0.000000, 0.126705, 0.000000, 0.130586, 
12, 2400, 0.400000, 100.000000, 0.000000, 0.143709, 0.000000, 0.126705, 0.000000, 0.130586, 0.000000, 0.095979, 
12, 4800, 0.410000, 0.001000, 0.000000, 0.126705, 0.000000, 0.130586, 0.000000, 0.095979, 0.000000, 0.096099, 
12, 7200, 0.410000, 10.000000, 0.000000, 0.130586, 0.000000, 0.095979, 0.000000, 0.096099, 0.350000, 0.095979, 
12, 9600, 0.400000, 100.000000, 0.000000, 0.095979, 0.000000, 0.096099, 0.350000, 0.095979, 0.690000, 0.095979, 
12, 12000, 0.410000, 1000.000000, 0.000000, 0.096099, 0.350000, 0.095979, 0.690000, 0.095979, 1.100000, 0.095979, 
12, 14400, 28.270000, 1000.000000, 0.350000, 0.095979, 0.690000, 0.095979, 1.100000, 0.095979, 1.490000, 0.095979, 
12, 16800, 54.930000, 10.000000, 0.690000, 0.095979, 1.100000, 0.095979, 1.490000, 0.095979, 1.750000, 0.095979, 
12, 19200, 85.730000, 1000.000000, 1.100000, 0.095979, 1.490000, 0.095979, 1.750000, 0.095979, 2.090000, 0.095979, 
12, 21600, 119.620000, 1000.000000, 1.490000, 0.095979, 1.750000, 0.095979, 2.090000, 0.095979, 2.520000, 0.095979, 
12, 24000, 138.000000, 100.000000, 1.750000, 0.095979, 2.090000, 0.095979, 2.520000, 0.095979, 2.850000, 0.095979, 
14, 1, 0.400000, 100.000000, 0.000000, 0.143709, 0.000000, 0.126705, 0.000000, 0.130586, 0.000000, 0.095979, 
14, 2400, 0.410000, 0.001000, 0.000000, 0.126705, 0.000000, 0.130586, 0.000000, 0.095979, 0.000000, 0.096099, 
14, 4800, 0.410000, 10.000000, 0.000000, 0.130586, 0.000000, 0.095979, 0.000000, 0.096099, 0.350000, 0.095979, 
14, 7200, 0.400000, 100.000000, 0.000000, 0.095979, 0.000000, 0.096099, 0.350000, 0.095979, 0.690000, 0.095979, 
14, 9600, 0.410000, 1000.000000, 0.000000, 0.096099, 0.350000, 0.095979, 0.690000, 0.095979, 1.100000, 0.095979, 
14, 12000, 28.270000, 1000.000000, 0.350000, 0.095979, 0.690000, 0.095979, 1.100000, 0.095979, 1.490000, 0.095979, 
14, 14400, 54.930000, 10.000000, 0.690000, 0.095979, 1.100000, 0.095979, 1.490000, 0.095979, 1.750000, 0.095979, 
14, 16800, 85.730000, 1000.000000, 1.100000, 0.095979, 1.490000, 0.095979, 1.750000, 0.095979, 2.090000, 0.095979, 
14, 19200, 119.620000, 1000.000000, 1.490000, 0.095979, 1.750000, 0.095979, 2.090000, 0.095979, 2.520000, 0.095979, 
14, 21600, 138.000000, 100.000000, 1.750000, 0.095979, 2.090000, 0.095979, 2.520000, 0.095979, 2.850000, 0.095979, 
14, 24000, 163.680000, 0.100000, 2.090000, 0.095979, 2.520000, 0.095979, 2.850000, 0.095979, 3.310000, 0.095979, 
16, 1, 0.410000, 0.001000, 0.000000, 0.126705, 0.000000, 0.130586, 0.000000, 0.095979, 0.000000, 0.096099, 
16, 2400, 0.410000, 10.000000, 0.000000, 0.130586, 0.000000, 0.095979, 0.000000, 0.096099, 0.350000, 0.095979, 
16, 4800, 0.400000, 100.000000, 0.000000, 0.095979, 0.000000, 0.096099, 0.350000, 0.095979, 0.690000, 0.095979, 
16, 7200, 0.410000, 1000.000000, 0.000000, 0.096099, 0.350000, 0.095979, 0.690000, 0.095979, 1.100000, 0.095979, 
16, 9600, 28.270000, 1000.000000, 0.350000, 0.095979, 0.690000, 0.095979, 1.100000, 0.095979, 1.490000, 0.095979, 
16, 12000, 54.930000, 10.000000, 0.690000, 0.095979, 1.100000, 0.095979, 1.490000, 0.095979, 1.750000, 0.095979, 
16, 14400, 85.730000, 1000.000000, 1.100000, 0.095979, 1.490000, 0.095979, 1.750000, 0.095979, 2.090000, 0.095979, 
16, 16800, 119.620000, 1000.000000, 1.490000, 0.095979, 1.750000, 0.095979, 2.090000, 0.095979, 2.520000, 0.095979, 
16, 19200, 138.000000, 100.000000, 1.750000, 0.095979, 2.090000, 0.095979, 2.520000, 0.095979, 2.850000, 0.095979, 
16, 21600, 163.680000, 0.100000, 2.090000, 0.095979, 2.520000, 0.095979, 2.850000, 0.095979, 3.310000, 0.095979, 
16, 24000, 194.370000, 1000.000000, 2.520000, 0.095979, 2.850000, 0.095979, 3.310000, 0.095979, 3.660000, 0.095979, 
18, 1, 0.410000, 10.000000, 0.000000, 0.130586, 0.000000, 0.095979, 0.000000, 0.096099, 0.350000, 0.095979, 
18, 2400, 0.400000, 100.000000, 0.000000, 0.095979, 0.000000, 0.096099, 0.350000, 0.095979, 0.690000, 0.095979, 
18, 4800, 0.410000, 1000.000000, 0.000000, 0.096099, 0.350000, 0.095979, 0.690000, 0.095979, 1.100000, 0.095979, 
18, 7200, 28.270000, 1000.000000, 0.350000, 0.095979, 0.690000, 0.095979, 1.100000, 0.095979, 1.490000, 0.095979, 
18, 9600, 54.930000, 10.000000, 0.690000, 0.095979, 1.100000, 0.095979, 1.490000, 0.095979, 1.750000, 0.095979, 
18, 12000, 85.730000, 1000.000000, 1.100000, 0.095979, 1.490000, 0.095979, 1.750000, 0.095979, 2.090000, 0.095979, 
18, 14400, 119.620000, 1000.000000, 1.490000, 0.095979, 1.750000, 0.095979, 2.090000, 0.095979, 2.520000, 0.095979, 
18, 16800, 138.000000, 100.000000, 1.750000, 0.095979, 2.090000, 0.095979, 2.520000, 0.095979, 2.850000, 0.095979, 
18, 19200, 163.680000, 0.100000, 2.090000, 0.095979, 2.520000, 0.095979, 2.850000, 0.095979, 3.310000, 0.095979, 
18, 21600, 194.370000, 1000.000000, 2.520000, 0.095979, 2.850000, 0.095979, 3.310000, 0.095979, 3.660000, 0.095979, 
18, 24000, 219.250000, 100.000000, 2.850000, 0.095979, 3.310000, 0.095979, 3.660000, 0.095979, 3.660000, 0.095979, 
20, 1, 0.400000, 100.000000, 0.000000, 0.095979, 0.000000, 0.096099, 0.350000, 0.095979, 0.690000, 0.095979, 
20, 2400, 0.410000, 1000.000000, 0.000000, 0.096099, 0.350000, 0.095979, 0.690000, 0.095979, 1.100000, 0.095979, 
20, 4800, 28.270000, 1000.000000, 0.350000, 0.095979, 0.690000, 0.095979, 1.100000, 0.095979, 1.490000, 0.095979, 
20, 7200, 54.930000, 10.000000, 0.690000, 0.095979, 1.100000, 0.095979, 1.490000, 0.095979, 1.750000, 0.095979, 
20, 9600, 85.730000, 1000.000000, 1.100000, 0.095979, 1.490000, 0.095979, 1.750000, 0.095979, 2.090000, 0.095979, 
20, 12000, 119.620000, 1000.000000, 1.490000, 0.095979, 1.750000, 0.095979, 2.090000, 0.095979, 2.520000, 0.095979, 
20, 14400, 138.000000, 100.000000, 1.750000, 0.095979, 2.090000, 0.095979, 2.520000, 0.095979, 2.850000, 0.095979, 
20, 16800, 163.680000, 0.100000, 2.090000, 0.095979, 2.520000, 0.095979, 2.850000, 0.095979, 3.310000, 0.095979, 
20, 19200, 194.370000, 1000.000000, 2.520000, 0.095979, 2.850000, 0.095979, 3.310000, 0.095979, 3.660000, 0.095979, 
20, 21600, 219.250000, 100.000000, 2.850000, 0.095979, 3.310000, 0.095979, 3.660000, 0.095979, 3.660000, 0.095979, 
20, 24000, 250.360000, 10.000000, 3.310000, 0.095979, 3.660000, 0.095979, 3.660000, 0.095979, 3.640000, 0.095979, 
22, 1, 0.410000, 1000.000000, 0.000000, 0.096099, 0.350000, 0.095979, 0.690000, 0.095979, 1.100000, 0.095979, 
22, 2400, 28.270000, 1000.000000, 0.350000, 0.095979, 0.690000, 0.095979, 1.100000, 0.095979, 1.490000, 0.095979, 
22, 4800, 54.930000, 10.000000, 0.690000, 0.095979, 1.100000, 0.095979, 1.490000, 0.095979, 1.750000, 0.095979, 
22, 7200, 85.730000, 1000.000000, 1.100000, 0.095979, 1.490000, 0.095979, 1.750000, 0.095979, 2.090000, 0.095979, 
22, 9600, 119.620000, 1000.000000, 1.490000, 0.095979, 1.750000, 0.095979, 2.090000, 0.095979, 2.520000, 0.095979, 
22, 12000, 138.000000, 100.000000, 1.750000, 0.095979, 2.090000, 0.095979, 2.520000, 0.095979, 2.850000, 0.095979, 
22, 14400, 163.680000, 0.100000, 2.090000, 0.095979, 2.520000, 0.095979, 2.850000, 0.095979, 3.310000, 0.095979, 
22, 16800, 194.370000, 1000.000000, 2.520000, 0.095979, 2.850000, 0.095979, 3.310000, 0.095979, 3.660000, 0.095979, 
22, 19200, 219.250000, 100.000000, 2.850000, 0.095979, 3.310000, 0.095979, 3.660000, 0.095979, 3.660000, 0.095979, 
22, 21600, 250.360000, 10.000000, 3.310000, 0.095979, 3.660000, 0.095979, 3.660000, 0.095979, 3.640000, 0.095979, 
22, 24000, 275.420000, 1000.000000, 3.660000, 0.095979, 3.660000, 0.095979, 3.640000, 0.095979, 3.650000, 0.095979, 
