Weights are nan - discard trial 14,16800,0,
Weights are nan - discard trial 14,16800,1,
Weights are nan - discard trial 14,16800,3,
Weights are nan - discard trial 14,19200,3,
Weights are nan - discard trial 14,21600,0,
Weights are nan - discard trial 14,21600,1,
Weights are nan - discard trial 14,21600,2,
Weights are nan - discard trial 14,24000,0,
Weights are nan - discard trial 14,24000,1,
Weights are nan - discard trial 14,24000,2,
Weights are nan - discard trial 16,9600,0,
Weights are nan - discard trial 16,9600,3,
Weights are nan - discard trial 16,14400,0,
Weights are nan - discard trial 16,14400,1,
Weights are nan - discard trial 16,14400,2,
Weights are nan - discard trial 16,14400,3,
Weights are nan - discard trial 16,16800,1,
Weights are nan - discard trial 18,2400,1,
Weights are nan - discard trial 18,2400,2,
Weights are nan - discard trial 18,12000,0,
Weights are nan - discard trial 18,12000,1,
Weights are nan - discard trial 18,12000,2,
Weights are nan - discard trial 18,12000,3,
Weights are nan - discard trial 20,2400,0,
Batch, S_batch, TimeL, L, T1, E1, T2, E2, T3, E3, T4, E4,
1, 1, 0.440000, 0.010000, 0.000000, 0.313423, 0.000000, 0.208642, 0.000000, 0.144909, 0.000000, 0.100140, 
1, 2400, 0.420000, 100.000000, 0.000000, 0.208642, 0.000000, 0.144909, 0.000000, 0.100140, 0.000000, 0.103501, 
1, 4800, 0.410000, 100.000000, 0.000000, 0.144909, 0.000000, 0.100140, 0.000000, 0.103501, 0.000000, 0.101500, 
1, 7200, 0.410000, 0.001000, 0.000000, 0.100140, 0.000000, 0.103501, 0.000000, 0.101500, 0.000000, 0.139268, 
1, 9600, 0.410000, 0.100000, 0.000000, 0.103501, 0.000000, 0.101500, 0.000000, 0.139268, 0.000000, 0.141348, 
1, 12000, 0.400000, 100.000000, 0.000000, 0.101500, 0.000000, 0.139268, 0.000000, 0.141348, 0.000000, 0.126705, 
1, 14400, 0.410000, 0.010000, 0.000000, 0.139268, 0.000000, 0.141348, 0.000000, 0.126705, 0.000000, 0.130186, 
1, 16800, 0.420000, 100.000000, 0.000000, 0.141348, 0.000000, 0.126705, 0.000000, 0.130186, 0.000000, 0.095979, 
1, 19200, 0.410000, 0.001000, 0.000000, 0.126705, 0.000000, 0.130186, 0.000000, 0.095979, 0.000000, 0.095979, 
1, 21600, 0.420000, 10.000000, 0.000000, 0.130186, 0.000000, 0.095979, 0.000000, 0.095979, 0.360000, 0.095979, 
1, 24000, 0.420000, 10.000000, 0.000000, 0.095979, 0.000000, 0.095979, 0.360000, 0.095979, 0.700000, 0.099940, 
2, 1, 0.420000, 100.000000, 0.000000, 0.208642, 0.000000, 0.144909, 0.000000, 0.100140, 0.000000, 0.103501, 
2, 2400, 0.410000, 100.000000, 0.000000, 0.144909, 0.000000, 0.100140, 0.000000, 0.103501, 0.000000, 0.101500, 
2, 4800, 0.410000, 0.001000, 0.000000, 0.100140, 0.000000, 0.103501, 0.000000, 0.101500, 0.000000, 0.139268, 
2, 7200, 0.410000, 0.100000, 0.000000, 0.103501, 0.000000, 0.101500, 0.000000, 0.139268, 0.000000, 0.141348, 
2, 9600, 0.400000, 100.000000, 0.000000, 0.101500, 0.000000, 0.139268, 0.000000, 0.141348, 0.000000, 0.126705, 
2, 12000, 0.410000, 0.010000, 0.000000, 0.139268, 0.000000, 0.141348, 0.000000, 0.126705, 0.000000, 0.130186, 
2, 14400, 0.420000, 100.000000, 0.000000, 0.141348, 0.000000, 0.126705, 0.000000, 0.130186, 0.000000, 0.095979, 
2, 16800, 0.410000, 0.001000, 0.000000, 0.126705, 0.000000, 0.130186, 0.000000, 0.095979, 0.000000, 0.095979, 
2, 19200, 0.420000, 10.000000, 0.000000, 0.130186, 0.000000, 0.095979, 0.000000, 0.095979, 0.360000, 0.095979, 
2, 21600, 0.420000, 10.000000, 0.000000, 0.095979, 0.000000, 0.095979, 0.360000, 0.095979, 0.700000, 0.099940, 
2, 24000, 0.420000, 0.001000, 0.000000, 0.095979, 0.360000, 0.095979, 0.700000, 0.099940, 1.130000, 0.110382, 
4, 1, 0.410000, 100.000000, 0.000000, 0.144909, 0.000000, 0.100140, 0.000000, 0.103501, 0.000000, 0.101500, 
4, 2400, 0.410000, 0.001000, 0.000000, 0.100140, 0.000000, 0.103501, 0.000000, 0.101500, 0.000000, 0.139268, 
4, 4800, 0.410000, 0.100000, 0.000000, 0.103501, 0.000000, 0.101500, 0.000000, 0.139268, 0.000000, 0.141348, 
4, 7200, 0.400000, 100.000000, 0.000000, 0.101500, 0.000000, 0.139268, 0.000000, 0.141348, 0.000000, 0.126705, 
4, 9600, 0.410000, 0.010000, 0.000000, 0.139268, 0.000000, 0.141348, 0.000000, 0.126705, 0.000000, 0.130186, 
4, 12000, 0.420000, 100.000000, 0.000000, 0.141348, 0.000000, 0.126705, 0.000000, 0.130186, 0.000000, 0.095979, 
4, 14400, 0.410000, 0.001000, 0.000000, 0.126705, 0.000000, 0.130186, 0.000000, 0.095979, 0.000000, 0.095979, 
4, 16800, 0.420000, 10.000000, 0.000000, 0.130186, 0.000000, 0.095979, 0.000000, 0.095979, 0.360000, 0.095979, 
4, 19200, 0.420000, 10.000000, 0.000000, 0.095979, 0.000000, 0.095979, 0.360000, 0.095979, 0.700000, 0.099940, 
4, 21600, 0.420000, 0.001000, 0.000000, 0.095979, 0.360000, 0.095979, 0.700000, 0.099940, 1.130000, 0.110382, 
4, 24000, 28.520000, 0.100000, 0.360000, 0.095979, 0.700000, 0.099940, 1.130000, 0.110382, 1.450000, 0.095979, 
6, 1, 0.410000, 0.001000, 0.000000, 0.100140, 0.000000, 0.103501, 0.000000, 0.101500, 0.000000, 0.139268, 
6, 2400, 0.410000, 0.100000, 0.000000, 0.103501, 0.000000, 0.101500, 0.000000, 0.139268, 0.000000, 0.141348, 
6, 4800, 0.400000, 100.000000, 0.000000, 0.101500, 0.000000, 0.139268, 0.000000, 0.141348, 0.000000, 0.126705, 
6, 7200, 0.410000, 0.010000, 0.000000, 0.139268, 0.000000, 0.141348, 0.000000, 0.126705, 0.000000, 0.130186, 
6, 9600, 0.420000, 100.000000, 0.000000, 0.141348, 0.000000, 0.126705, 0.000000, 0.130186, 0.000000, 0.095979, 
6, 12000, 0.410000, 0.001000, 0.000000, 0.126705, 0.000000, 0.130186, 0.000000, 0.095979, 0.000000, 0.095979, 
6, 14400, 0.420000, 10.000000, 0.000000, 0.130186, 0.000000, 0.095979, 0.000000, 0.095979, 0.360000, 0.095979, 
6, 16800, 0.420000, 10.000000, 0.000000, 0.095979, 0.000000, 0.095979, 0.360000, 0.095979, 0.700000, 0.099940, 
6, 19200, 0.420000, 0.001000, 0.000000, 0.095979, 0.360000, 0.095979, 0.700000, 0.099940, 1.130000, 0.110382, 
6, 21600, 28.520000, 0.100000, 0.360000, 0.095979, 0.700000, 0.099940, 1.130000, 0.110382, 1.450000, 0.095979, 
6, 24000, 54.240000, 10.000000, 0.700000, 0.099940, 1.130000, 0.110382, 1.450000, 0.095979, 1.830000, 0.096019, 
8, 1, 0.410000, 0.100000, 0.000000, 0.103501, 0.000000, 0.101500, 0.000000, 0.139268, 0.000000, 0.141348, 
8, 2400, 0.400000, 100.000000, 0.000000, 0.101500, 0.000000, 0.139268, 0.000000, 0.141348, 0.000000, 0.126705, 
8, 4800, 0.410000, 0.010000, 0.000000, 0.139268, 0.000000, 0.141348, 0.000000, 0.126705, 0.000000, 0.130186, 
8, 7200, 0.420000, 100.000000, 0.000000, 0.141348, 0.000000, 0.126705, 0.000000, 0.130186, 0.000000, 0.095979, 
8, 9600, 0.410000, 0.001000, 0.000000, 0.126705, 0.000000, 0.130186, 0.000000, 0.095979, 0.000000, 0.095979, 
8, 12000, 0.420000, 10.000000, 0.000000, 0.130186, 0.000000, 0.095979, 0.000000, 0.095979, 0.360000, 0.095979, 
8, 14400, 0.420000, 10.000000, 0.000000, 0.095979, 0.000000, 0.095979, 0.360000, 0.095979, 0.700000, 0.099940, 
8, 16800, 0.420000, 0.001000, 0.000000, 0.095979, 0.360000, 0.095979, 0.700000, 0.099940, 1.130000, 0.110382, 
8, 19200, 28.520000, 0.100000, 0.360000, 0.095979, 0.700000, 0.099940, 1.130000, 0.110382, 1.450000, 0.095979, 
8, 21600, 54.240000, 10.000000, 0.700000, 0.099940, 1.130000, 0.110382, 1.450000, 0.095979, 1.830000, 0.096019, 
8, 24000, 87.030000, 0.001000, 1.130000, 0.110382, 1.450000, 0.095979, 1.830000, 0.096019, 2.150000, 0.095939, 
10, 1, 0.400000, 100.000000, 0.000000, 0.101500, 0.000000, 0.139268, 0.000000, 0.141348, 0.000000, 0.126705, 
10, 2400, 0.410000, 0.010000, 0.000000, 0.139268, 0.000000, 0.141348, 0.000000, 0.126705, 0.000000, 0.130186, 
10, 4800, 0.420000, 100.000000, 0.000000, 0.141348, 0.000000, 0.126705, 0.000000, 0.130186, 0.000000, 0.095979, 
10, 7200, 0.410000, 0.001000, 0.000000, 0.126705, 0.000000, 0.130186, 0.000000, 0.095979, 0.000000, 0.095979, 
10, 9600, 0.420000, 10.000000, 0.000000, 0.130186, 0.000000, 0.095979, 0.000000, 0.095979, 0.360000, 0.095979, 
10, 12000, 0.420000, 10.000000, 0.000000, 0.095979, 0.000000, 0.095979, 0.360000, 0.095979, 0.700000, 0.099940, 
10, 14400, 0.420000, 0.001000, 0.000000, 0.095979, 0.360000, 0.095979, 0.700000, 0.099940, 1.130000, 0.110382, 
10, 16800, 28.520000, 0.100000, 0.360000, 0.095979, 0.700000, 0.099940, 1.130000, 0.110382, 1.450000, 0.095979, 
10, 19200, 54.240000, 10.000000, 0.700000, 0.099940, 1.130000, 0.110382, 1.450000, 0.095979, 1.830000, 0.096019, 
10, 21600, 87.030000, 0.001000, 1.130000, 0.110382, 1.450000, 0.095979, 1.830000, 0.096019, 2.150000, 0.095939, 
10, 24000, 111.990000, 10.000000, 1.450000, 0.095979, 1.830000, 0.096019, 2.150000, 0.095939, 2.620000, 0.120944, 
12, 1, 0.410000, 0.010000, 0.000000, 0.139268, 0.000000, 0.141348, 0.000000, 0.126705, 0.000000, 0.130186, 
12, 2400, 0.420000, 100.000000, 0.000000, 0.141348, 0.000000, 0.126705, 0.000000, 0.130186, 0.000000, 0.095979, 
12, 4800, 0.410000, 0.001000, 0.000000, 0.126705, 0.000000, 0.130186, 0.000000, 0.095979, 0.000000, 0.095979, 
12, 7200, 0.420000, 10.000000, 0.000000, 0.130186, 0.000000, 0.095979, 0.000000, 0.095979, 0.360000, 0.095979, 
12, 9600, 0.420000, 10.000000, 0.000000, 0.095979, 0.000000, 0.095979, 0.360000, 0.095979, 0.700000, 0.099940, 
12, 12000, 0.420000, 0.001000, 0.000000, 0.095979, 0.360000, 0.095979, 0.700000, 0.099940, 1.130000, 0.110382, 
12, 14400, 28.520000, 0.100000, 0.360000, 0.095979, 0.700000, 0.099940, 1.130000, 0.110382, 1.450000, 0.095979, 
12, 16800, 54.240000, 10.000000, 0.700000, 0.099940, 1.130000, 0.110382, 1.450000, 0.095979, 1.830000, 0.096019, 
12, 19200, 87.030000, 0.001000, 1.130000, 0.110382, 1.450000, 0.095979, 1.830000, 0.096019, 2.150000, 0.095939, 
12, 21600, 111.990000, 10.000000, 1.450000, 0.095979, 1.830000, 0.096019, 2.150000, 0.095939, 2.620000, 0.120944, 
12, 24000, 139.700000, 100.000000, 1.830000, 0.096019, 2.150000, 0.095939, 2.620000, 0.120944, 2.850000, 0.105541, 
14, 1, 0.420000, 100.000000, 0.000000, 0.141348, 0.000000, 0.126705, 0.000000, 0.130186, 0.000000, 0.095979, 
14, 2400, 0.410000, 0.001000, 0.000000, 0.126705, 0.000000, 0.130186, 0.000000, 0.095979, 0.000000, 0.095979, 
14, 4800, 0.420000, 10.000000, 0.000000, 0.130186, 0.000000, 0.095979, 0.000000, 0.095979, 0.360000, 0.095979, 
14, 7200, 0.420000, 10.000000, 0.000000, 0.095979, 0.000000, 0.095979, 0.360000, 0.095979, 0.700000, 0.099940, 
14, 9600, 0.420000, 0.001000, 0.000000, 0.095979, 0.360000, 0.095979, 0.700000, 0.099940, 1.130000, 0.110382, 
14, 12000, 28.520000, 0.100000, 0.360000, 0.095979, 0.700000, 0.099940, 1.130000, 0.110382, 1.450000, 0.095979, 
14, 14400, 54.240000, 10.000000, 0.700000, 0.099940, 1.130000, 0.110382, 1.450000, 0.095979, 1.830000, 0.096019, 
14, 16800, 87.030000, 0.001000, 1.130000, 0.110382, 1.450000, 0.095979, 1.830000, 0.096019, 2.150000, 0.095939, 
14, 19200, 111.990000, 10.000000, 1.450000, 0.095979, 1.830000, 0.096019, 2.150000, 0.095939, 2.620000, 0.120944, 
14, 21600, 139.700000, 100.000000, 1.830000, 0.096019, 2.150000, 0.095939, 2.620000, 0.120944, 2.850000, 0.105541, 
14, 24000, 161.390000, 100.000000, 2.150000, 0.095939, 2.620000, 0.120944, 2.850000, 0.105541, 3.410000, 0.095979, 
16, 1, 0.410000, 0.001000, 0.000000, 0.126705, 0.000000, 0.130186, 0.000000, 0.095979, 0.000000, 0.095979, 
16, 2400, 0.420000, 10.000000, 0.000000, 0.130186, 0.000000, 0.095979, 0.000000, 0.095979, 0.360000, 0.095979, 
16, 4800, 0.420000, 10.000000, 0.000000, 0.095979, 0.000000, 0.095979, 0.360000, 0.095979, 0.700000, 0.099940, 
16, 7200, 0.420000, 0.001000, 0.000000, 0.095979, 0.360000, 0.095979, 0.700000, 0.099940, 1.130000, 0.110382, 
16, 9600, 28.520000, 0.100000, 0.360000, 0.095979, 0.700000, 0.099940, 1.130000, 0.110382, 1.450000, 0.095979, 
16, 12000, 54.240000, 10.000000, 0.700000, 0.099940, 1.130000, 0.110382, 1.450000, 0.095979, 1.830000, 0.096019, 
16, 14400, 87.030000, 0.001000, 1.130000, 0.110382, 1.450000, 0.095979, 1.830000, 0.096019, 2.150000, 0.095939, 
16, 16800, 111.990000, 10.000000, 1.450000, 0.095979, 1.830000, 0.096019, 2.150000, 0.095939, 2.620000, 0.120944, 
16, 19200, 139.700000, 100.000000, 1.830000, 0.096019, 2.150000, 0.095939, 2.620000, 0.120944, 2.850000, 0.105541, 
16, 21600, 161.390000, 100.000000, 2.150000, 0.095939, 2.620000, 0.120944, 2.850000, 0.105541, 3.410000, 0.095979, 
16, 24000, 198.340000, 100.000000, 2.620000, 0.120944, 2.850000, 0.105541, 3.410000, 0.095979, 3.700000, 0.099660, 
18, 1, 0.420000, 10.000000, 0.000000, 0.130186, 0.000000, 0.095979, 0.000000, 0.095979, 0.360000, 0.095979, 
18, 2400, 0.420000, 10.000000, 0.000000, 0.095979, 0.000000, 0.095979, 0.360000, 0.095979, 0.700000, 0.099940, 
18, 4800, 0.420000, 0.001000, 0.000000, 0.095979, 0.360000, 0.095979, 0.700000, 0.099940, 1.130000, 0.110382, 
18, 7200, 28.520000, 0.100000, 0.360000, 0.095979, 0.700000, 0.099940, 1.130000, 0.110382, 1.450000, 0.095979, 
18, 9600, 54.240000, 10.000000, 0.700000, 0.099940, 1.130000, 0.110382, 1.450000, 0.095979, 1.830000, 0.096019, 
18, 12000, 87.030000, 0.001000, 1.130000, 0.110382, 1.450000, 0.095979, 1.830000, 0.096019, 2.150000, 0.095939, 
18, 14400, 111.990000, 10.000000, 1.450000, 0.095979, 1.830000, 0.096019, 2.150000, 0.095939, 2.620000, 0.120944, 
18, 16800, 139.700000, 100.000000, 1.830000, 0.096019, 2.150000, 0.095939, 2.620000, 0.120944, 2.850000, 0.105541, 
18, 19200, 161.390000, 100.000000, 2.150000, 0.095939, 2.620000, 0.120944, 2.850000, 0.105541, 3.410000, 0.095979, 
18, 21600, 198.340000, 100.000000, 2.620000, 0.120944, 2.850000, 0.105541, 3.410000, 0.095979, 3.700000, 0.099660, 
18, 24000, 216.820000, 10.000000, 2.850000, 0.105541, 3.410000, 0.095979, 3.700000, 0.099660, 3.700000, 0.117103, 
20, 1, 0.420000, 10.000000, 0.000000, 0.095979, 0.000000, 0.095979, 0.360000, 0.095979, 0.700000, 0.099940, 
20, 2400, 0.420000, 0.001000, 0.000000, 0.095979, 0.360000, 0.095979, 0.700000, 0.099940, 1.130000, 0.110382, 
20, 4800, 28.520000, 0.100000, 0.360000, 0.095979, 0.700000, 0.099940, 1.130000, 0.110382, 1.450000, 0.095979, 
20, 7200, 54.240000, 10.000000, 0.700000, 0.099940, 1.130000, 0.110382, 1.450000, 0.095979, 1.830000, 0.096019, 
20, 9600, 87.030000, 0.001000, 1.130000, 0.110382, 1.450000, 0.095979, 1.830000, 0.096019, 2.150000, 0.095939, 
20, 12000, 111.990000, 10.000000, 1.450000, 0.095979, 1.830000, 0.096019, 2.150000, 0.095939, 2.620000, 0.120944, 
20, 14400, 139.700000, 100.000000, 1.830000, 0.096019, 2.150000, 0.095939, 2.620000, 0.120944, 2.850000, 0.105541, 
20, 16800, 161.390000, 100.000000, 2.150000, 0.095939, 2.620000, 0.120944, 2.850000, 0.105541, 3.410000, 0.095979, 
20, 19200, 198.340000, 100.000000, 2.620000, 0.120944, 2.850000, 0.105541, 3.410000, 0.095979, 3.700000, 0.099660, 
20, 21600, 216.820000, 10.000000, 2.850000, 0.105541, 3.410000, 0.095979, 3.700000, 0.099660, 3.700000, 0.117103, 
20, 24000, 255.010000, 10.000000, 3.410000, 0.095979, 3.700000, 0.099660, 3.700000, 0.117103, 3.670000, 0.095979, 
22, 1, 0.420000, 0.001000, 0.000000, 0.095979, 0.360000, 0.095979, 0.700000, 0.099940, 1.130000, 0.110382, 
22, 2400, 28.520000, 0.100000, 0.360000, 0.095979, 0.700000, 0.099940, 1.130000, 0.110382, 1.450000, 0.095979, 
22, 4800, 54.240000, 10.000000, 0.700000, 0.099940, 1.130000, 0.110382, 1.450000, 0.095979, 1.830000, 0.096019, 
22, 7200, 87.030000, 0.001000, 1.130000, 0.110382, 1.450000, 0.095979, 1.830000, 0.096019, 2.150000, 0.095939, 
22, 9600, 111.990000, 10.000000, 1.450000, 0.095979, 1.830000, 0.096019, 2.150000, 0.095939, 2.620000, 0.120944, 
22, 12000, 139.700000, 100.000000, 1.830000, 0.096019, 2.150000, 0.095939, 2.620000, 0.120944, 2.850000, 0.105541, 
22, 14400, 161.390000, 100.000000, 2.150000, 0.095939, 2.620000, 0.120944, 2.850000, 0.105541, 3.410000, 0.095979, 
22, 16800, 198.340000, 100.000000, 2.620000, 0.120944, 2.850000, 0.105541, 3.410000, 0.095979, 3.700000, 0.099660, 
22, 19200, 216.820000, 10.000000, 2.850000, 0.105541, 3.410000, 0.095979, 3.700000, 0.099660, 3.700000, 0.117103, 
22, 21600, 255.010000, 10.000000, 3.410000, 0.095979, 3.700000, 0.099660, 3.700000, 0.117103, 3.670000, 0.095979, 
22, 24000, 272.250000, 100.000000, 3.700000, 0.099660, 3.700000, 0.117103, 3.670000, 0.095979, 3.650000, 0.095979, 
